0	-0.09187530000000000000 
1	-0.41441000000000000000 
2	0.00000000000000000000 
3	-0.07478790000000000000 
4	-0.88401000000000000000 
5	-0.39444000000000000000 
6	-2.04502000000000000000 
7	-0.56302000000000000000 
8	-2.05954000000000000000 
9	-1.70472000000000000000 
10	-3.33578000000000000000 
11	-1.14399000000000000000 
12	-0.45313000000000000000 
13	-0.61693000000000000000 
14	0.09107000000000000000 
15	-2.07659000000000000000 
16	-2.29014000000000000000 
17	-2.10812000000000000000 
18	-2.22842000000000000000 
19	-2.26413000000000000000 
20	-1.19483000000000000000 
21	-0.96836000000000000000 
22	0.52209000000000000000 
23	0.00000000000000000000 
24	-3.60885000000000000000 
25	-2.51069000000000000000 
26	-0.00000000000003910000 
27	-2.14109000000000000000 
28	-0.80265000000000000000 
29	-0.74692000000000000000 
30	-0.00000000000000103000 
31	-0.00000000000001480000 
32	-1.50659000000000000000 
33	-0.23597000000000000000 
34	-0.71284000000000000000 
35	-2.34680000000000000000 
36	-0.04416000000000000000 
37	-1.33485000000000000000 
38	-2.73573000000000000000 
39	-0.83046000000000000000 
40	-1.61666000000000000000 
41	-0.00000000000001420000 
42	-0.73106000000000000000 
43	-1.89749000000000000000 
44	-0.00000000000000027800 
45	-1.79813000000000000000 
46	-1.91530000000000000000 
47	-1.51271000000000000000 
48	-0.06843600000000000000 
49	-2.47868000000000000000 
50	-1.71795000000000000000 
51	0.00000000000000459000 
52	-0.04275800000000000000 
53	-0.00872674000000000000 
54	-2.46291000000000000000 
55	0.00000000000000169000 
56	-0.00000000000001420000 
57	0.00000000000001070000 
58	-1.27033000000000000000 
59	-1.14323000000000000000 
60	-1.55557000000000000000 
61	-1.58793000000000000000 
62	-1.08023000000000000000 
63	-0.00000000000000004160 
64	-2.24555000000000000000 
65	-0.24878200000000000000 
66	-0.00000000000000255000 
67	-0.56371000000000000000 
68	-0.33279000000000000000 
69	-0.15420000000000000000 
70	0.00000000000000955000 
71	-2.66180000000000000000 
72	-1.52866000000000000000 
73	-1.30949000000000000000 
74	-0.00000000000000641000 
75	-2.61645000000000000000 
76	-2.12322000000000000000 
77	-1.56468000000000000000 
78	0.75858000000000000000 
79	-0.00000000000002130000 
80	-2.49574000000000000000 
81	-2.35280000000000000000 
82	-3.10886000000000000000 
83	-2.37357000000000000000 
84	-0.06730500000000000000 
85	0.00000000000000000000 
86	-0.20405000000000000000 
87	-2.45722000000000000000 
88	-0.12727200000000000000 
89	0.00000000000002130000 
90	-0.02600150000000000000 
91	-1.00579000000000000000 
92	-0.88005000000000000000 
93	-0.00315314000000000000 
94	0.00000000000001070000 
95	-2.61173000000000000000 
96	-1.52894000000000000000 
97	-1.09595000000000000000 
98	-1.22677000000000000000 
99	-0.04800000000000000000 
100	-1.61442000000000000000 
101	-2.51013000000000000000 
102	-0.09454000000000000000 
103	-0.00308955000000000000 
104	-0.00866696000000000000 
105	-4.06058000000000000000 
106	0.00000000000002840000 
107	-1.99482000000000000000 
108	-1.69776000000000000000 
109	-1.68193000000000000000 
110	-3.00891000000000000000 
111	-3.46962000000000000000 
112	-0.35986000000000000000 
113	-0.32026000000000000000 
114	-0.00000000000004970000 
115	0.00000000000001420000 
116	-0.08961000000000000000 
117	0.50698000000000000000 
118	0.00000000000000155000 
119	-0.04369000000000000000 
120	-1.33557000000000000000 
121	-0.01936130000000000000 
122	-2.41971000000000000000 
123	-1.16818000000000000000 
124	-0.48081000000000000000 
125	-0.90618000000000000000 
126	0.00000000000000350000 
127	0.00000000000000910000 
128	-0.02833080000000000000 
129	-0.00000000000000389000 
130	-0.00000000000000316000 
131	-2.40310000000000000000 
132	-1.50367000000000000000 
133	0.00000000000000000000 
134	-0.08528000000000000000 
135	-1.25391000000000000000 
136	-0.00288638000000000000 
137	-2.45267000000000000000 
138	-0.00111000000000000000 
139	0.10678700000000000000 
140	-0.00000000000000167000 
141	-0.00000000000002130000 
142	-1.43909000000000000000 
143	-0.68087000000000000000 
144	-4.48903000000000000000 
145	0.00000000000000458000 
146	-0.00000000000004090000 
147	-0.82431000000000000000 
148	-0.72194000000000000000 
149	-0.27123000000000000000 
150	-0.00965377000000000000 
151	0.01068310000000000000 
152	0.00000000000002310000 
153	-2.23911000000000000000 
154	-0.09785000000000000000 
155	-1.49692000000000000000 
156	-1.33674000000000000000 
157	0.00000000000000000000 
158	0.00000000000000000000 
159	-1.74739000000000000000 
160	-0.02073000000000000000 
161	-0.74633000000000000000 
162	-0.76117000000000000000 
163	-0.11874000000000000000 
164	0.05613000000000000000 
165	0.00000000000000189000 
166	-0.00000000000002130000 
167	0.01210000000000000000 
168	-0.04683000000000000000 
169	-0.13446000000000000000 
170	-0.00544000000000000000 
171	-1.11678000000000000000 
172	-2.39077000000000000000 
173	-1.74752000000000000000 
174	-2.90687000000000000000 
175	-0.36847000000000000000 
176	1.13058000000000000000 
177	-0.22845000000000000000 
178	0.00000000000000005550 
179	-1.06646000000000000000 
180	-0.74019000000000000000 
181	0.23211000000000000000 
182	-0.00492542000000000000 
183	-1.85183000000000000000 
184	-1.29624000000000000000 
185	-0.03380380000000000000 
186	-0.01865000000000000000 
187	-2.08109000000000000000 
188	-3.32029000000000000000 
189	-2.85340000000000000000 
190	-0.02448060000000000000 
191	-1.06889000000000000000 
192	-0.84781000000000000000 
193	-2.37897000000000000000 
194	0.00318000000000000000 
195	-0.55973000000000000000 
196	-0.38230000000000000000 
197	-1.14713000000000000000 
198	-0.64398000000000000000 
199	-0.99168000000000000000 
200	-1.14710000000000000000 
201	-1.16299000000000000000 
202	-0.64446000000000000000 
203	-1.32777000000000000000 
204	-0.45922000000000000000 
205	-0.83887000000000000000 
206	0.00228000000000000000 
207	-0.00651000000000000000 
208	-0.67538000000000000000 
209	-0.81549000000000000000 
210	-1.01333000000000000000 
211	-1.41655000000000000000 
212	-0.74471000000000000000 
213	0.13897500000000000000 
214	-1.15978000000000000000 
215	0.02448810000000000000 
216	-0.00205000000000000000 
217	-0.38694000000000000000 
218	-0.00446000000000000000 
219	-0.08149000000000000000 
220	-0.19348000000000000000 
221	-0.00000000000005680000 
222	-0.72391000000000000000 
223	-1.51526000000000000000 
224	-0.00000000000000888000 
225	-0.17199000000000000000 
226	0.06782640000000000000 
227	-0.36579000000000000000 
228	-0.00338879000000000000 
229	-1.73397000000000000000 
230	-0.00000000000000355000 
231	-0.62453000000000000000 
232	0.91857000000000000000 
233	-0.00000000000001420000 
234	-0.00000000000000289000 
235	-0.72865000000000000000 
236	-0.62122000000000000000 
237	0.03336600000000000000 
238	0.00000000000000000000 
239	-0.04470000000000000000 
240	-0.00598000000000000000 
241	0.00360000000000000000 
242	-0.03582000000000000000 
243	-0.00104000000000000000 
244	-0.03320000000000000000 
245	-0.78232000000000000000 
246	-0.02486000000000000000 
247	0.00059000000000000000 
248	-0.01968000000000000000 
249	-1.13741000000000000000 
250	-0.00535000000000000000 
251	-0.74591000000000000000 
252	-1.14940000000000000000 
253	-0.74758000000000000000 
254	-0.00000000000001020000 
255	-0.00530000000000000000 
256	-0.00068000000000000000 
257	-0.00903000000000000000 
258	0.00000000000000150000 
259	0.00000000000001870000 
260	-0.01147000000000000000 
261	-0.00114000000000000000 
262	-0.74617000000000000000 
263	-1.42639000000000000000 
264	-0.15136000000000000000 
265	-0.20910000000000000000 
266	-0.00000000000003640000 
267	-0.11944000000000000000 
268	-0.00406048000000000000 
269	-0.60944000000000000000 
270	-0.76725000000000000000 
271	-0.64635000000000000000 
272	-0.03530080000000000000 
273	0.00000000000018100000 
274	-0.08871000000000000000 
275	-0.78005000000000000000 
276	-0.33589000000000000000 
277	0.00000000000000000000 
278	0.00894817000000000000 
279	0.00000000000000111000 
280	0.00000000000000708000 
281	0.00000000000005950000 
282	-0.22913000000000000000 
283	-0.01328000000000000000 
284	-1.04442000000000000000 
285	0.00000000000000000000 
286	-0.30763000000000000000 
287	-0.38232000000000000000 
288	0.00001230000000000000 
289	-0.37809000000000000000 
290	-0.16059000000000000000 
291	0.00000000000000000000 
292	0.00000000000000000000 
293	-0.85701000000000000000 
294	-0.35706000000000000000 
295	-0.00000000000000178000 
296	-0.02255000000000000000 
297	0.02899000000000000000 
298	0.10789000000000000000 
299	0.00342000000000000000 
300	-0.00172000000000000000 
301	0.00320000000000000000 
302	0.00000000000000000000 
303	0.00000000000000000000 
304	-0.00110000000000000000 
305	0.00000000000000000000 
306	0.00111000000000000000 
307	0.49921000000000000000 
308	-0.29597000000000000000 
309	-0.08641000000000000000 
310	0.00229000000000000000 
311	-0.76392000000000000000 
312	-0.56809000000000000000 
313	0.00000000000000072200 
314	-0.00000000000001420000 
315	0.00001000000000000000 
316	-0.00065000000000000000 
317	-0.87532000000000000000 
318	0.00047000000000000000 
319	0.00090000000000000000 
320	-0.00089000000000000000 
321	-0.00121000000000000000 
322	-0.00075000000000000000 
323	0.00000000000000000000 
324	0.00000000000000000000 
325	0.00000000000000000000 
326	0.00000000000000000000 
327	0.00000000000000000000 
328	-0.20728000000000000000 
329	0.00000000000000000000 
330	0.01240930000000000000 
331	0.00000000000000000000 
332	-0.23454000000000000000 
333	-0.73488000000000000000 
334	0.00000000000000000000 
335	-0.00000000000002840000 
336	-0.07706000000000000000 
337	0.00000000000000000000 
338	-0.00000000000000355000 
339	0.00000000000000041600 
340	0.03635000000000000000 
341	0.00000000000000000000 
342	0.00000000000000000000 
343	0.00000000000000000000 
344	0.00000000000000000000 
345	0.00000000000000000000 
346	0.00000000000000000000 
347	0.00000000000000111000 
348	0.00000000000000178000 
349	0.00000000000000000000 
350	0.00000000000000022200 
351	0.00000000000000000000 
352	-0.00000000000000044400 
353	0.00000000000000000000 
354	0.00000000000000000000 
355	0.00000000000000061100 
356	0.00000000000000000000 
357	0.00000000000000000000 
358	-0.00000000000000027800 
359	-0.00000000000000031600 
360	0.00000000000000000000 
361	-0.00000000000000066600 
362	0.00000000000000000000 
363	0.00000000000000000000 
364	0.00000000000000000000 
365	0.00000000000000000000 
366	0.00000000000000000000 
367	0.00000000000000000000 
368	0.00000000000000000000 
369	0.00000000000000000000 
370	0.00000000000000000000 
371	0.00000000000000000000 
372	0.00000000000000000000 
373	0.00000000000000000000 
374	-0.00000000000000011100 
375	0.00000000000000000000 
376	0.00000000000000000000 
377	-0.00000000000000041600 
378	0.00000000000000178000 
379	0.00000000000000000000 
380	-0.00000000000000088800 
381	0.00000000000000000000 
382	0.00000000000000000000 
383	0.00000000000000033300 
384	0.00000000000000000000 
385	-0.00000000000000044400 
386	0.00000000000000000000 
387	0.00000000000000000000 
388	-0.00000000000000061100 
389	0.00000000000000000000 
390	0.00000000000000000000 
391	0.00000000000000600000 
392	-0.01190000000000000000 
393	0.00000000000000077700 
394	0.00000000000000000000 
395	0.00000000000000000000 
396	0.00000000000000055500 
397	0.00000000000000000000 
398	0.00000000000000027800 
399	0.00000000000000000000 
400	0.00000000000000000000 
401	-0.00000000000000011100 
402	0.00000000000000000000 
403	0.00000000000000000000 
404	0.00000000000000000000 
405	0.00000000000000000000 
406	0.00000000000000000000 
407	0.00000000000000000000 
408	0.00017595400000000000 
409	0.50302700000000000000 
410	0.56591900000000000000 
411	-0.00000000000000142000 
412	0.00000000000000000000 
413	0.00000000000000000000 
414	0.00000000000000233000 
415	0.00000000000000178000 
416	0.00000000000000000000 
417	0.00000000000000000000 
418	0.00000000000000000000 
419	0.00000000000000066600 
420	-0.00000000000000355000 
421	0.00000000000000000000 
422	0.00000000000000167000 
423	0.00000000000000000000 
424	0.00000000000000000000 
425	-0.00000000000000050000 
426	0.00000000000000000000 
427	0.00000000000000011100 
428	0.00000000000000000000 
429	0.00000000000000000000 
430	0.00000000000000061100 
431	0.00000000000000000000 
432	0.00000000000000000000 
433	0.00000000000000000000 
434	0.00000000000000000000 
435	0.00000000000000000000 
436	0.00000000000000000000 
437	0.00000000000000000000 
438	0.00000000000000000000 
439	0.00000000000000000000 
440	0.00000000000000000000 
441	-0.00000000000000016700 
442	0.00000000000000000000 
443	0.00000000000000000000 
444	-0.00000000000000005550 
445	0.00000000000000000000 
446	0.00000000000000011100 
447	0.00000000000000000000 
448	0.00000000000000000000 
449	-0.00000000000000005550 
450	0.00000000000000000000 
451	0.00000000000000041600 
452	0.00168000000000000000 
453	0.00000000000000072200 
454	0.00000000000000000000 
455	5.69543000000000000000 
456	-0.06450420000000000000 
457	5.20398000000000000000 
458	5.16212000000000000000 
459	0.00000000000000022200 
460	0.00000000000000000000 
461	0.00000000000000000000 
462	0.00000000000000022200 
463	0.00000000000000000000 
464	0.00000000000000000000 
465	0.00000000000000094400 
466	0.00000000000000000000 
467	0.00000000000000117000 
468	0.00000000000000000000 
469	0.00000000000000029100 
470	0.00000000000000000000 
471	0.00000000000000000000 
472	0.00000000000000083300 
473	-0.00000000000000178000 
474	0.00000000000000000000 
475	-0.00000000000000030500 
476	0.00000000000000000000 
477	0.00000000000000000000 
478	0.00000000000000000000 
479	0.43891100000000000000 
480	-0.00000000000000150000 
481	0.00000000000000000000 
482	0.00000000000000027800 
483	0.00000000000000000000 
484	0.00000000000000033300 
485	0.00000000000000000000 
486	0.00000000000000000000 
487	0.00000000000000033300 
488	0.00000000000000000000 
489	0.00000000000000000000 
490	0.00000000000000000000 
491	0.00000000000000000000 
492	0.00000000000000055500 
493	-0.00000000000000355000 
494	0.00000000000000000000 
495	0.00000000000000144000 
496	0.00000000000000000000 
497	-0.00000000000000077700 
498	0.00000000000000000000 
499	0.00000000000000000000 
500	-0.00000000000000077700 
501	0.00000000000000000000 
502	-0.00000000000000016700 
503	0.00000000000000000000 
504	-0.00000000000000022200 
505	0.00000000000000000000 
506	0.00000000000000000000 
507	-0.00000000000000022200 
508	0.00000000000000000000 
509	-0.00430000000000000000 
510	0.00000000000000000000 
511	0.00000000000000000000 
512	0.00000000000000000000 
513	-0.00000000000000027800 
514	0.00000000000000178000 
515	0.00000000000000000000 
516	0.00000000000000016700 
517	0.00000000000000000000 
518	-0.00000000000000239000 
519	-0.00000000000000355000 
520	-0.00000000000000002780 
521	0.00000000000000000000 
522	-0.00000000000000050000 
523	0.00000000000000000000 
524	0.00000000000000000000 
525	0.00000000000000061100 
526	0.00000000000000000000 
527	0.00000000000000000000 
528	-0.00000000000000150000 
529	0.00000000000000000000 
530	0.00000000000000011100 
531	0.00000000000000000000 
532	0.00000000000000000000 
533	0.00000000000000000000 
534	0.00000000000000000000 
535	0.00000000000000000000 
536	-0.00000000000000033000 
537	0.00000000000000000000 
538	0.00000000000000000000 
539	-0.00000000000000031900 
540	0.00000000000000000000 
541	0.00000000000000000000 
542	-0.01289010000000000000 
543	0.00000000000000000000 
544	0.92552100000000000000 
545	0.00000000000000001390 
546	0.00000000000000178000 
547	0.00000000000000000000 
548	0.00000000000000054100 
549	0.00000000000000000000 
550	0.00000000000000000000 
551	0.00000000000000000000 
552	0.00000000000000000000 
553	2.32150000000000000000 
554	0.00000000000000000000 
555	3.62970000000000000000 
556	2.86413000000000000000 
557	-0.00000000000000016700 
558	0.00000000000000000000 
559	0.00000000000000000000 
560	-0.00000000000000105000 
561	0.00000000000000000000 
562	0.00000000000000000000 
563	0.00000000000000000000 
564	0.00000000000000000000 
565	0.00000000000000000000 
566	0.00000000000000000000 
567	0.00000000000000000000 
568	0.00000000000000000000 
569	0.00000000000000000000 
570	0.00000000000000000000 
571	5.09851000000000000000 
572	0.00000000000000000000 
573	4.93730000000000000000 
574	3.38337000000000000000 
575	5.12757000000000000000 
576	4.16132000000000000000 
577	0.00000000000000000000 
578	-0.00000000000000030500 
579	0.00000000000000178000 
580	0.00000000000000000000 
581	-0.00000000000000038900 
582	0.00000000000000000000 
583	0.00000000000000055500 
584	0.00000000000000055200 
585	0.00000000000000000000 
586	0.00000000000000038900 
587	0.00000000000000000000 
588	0.00000000000000000000 
589	0.00000000000000038900 
590	0.00000000000000000000 
591	0.00000000000000000000 
592	0.00000000000000000000 
593	0.00000000000000000000 
594	-0.00000000000000150000 
595	0.00000000000000178000 
596	0.00000000000000000000 
597	0.00000000000000083300 
598	0.00000000000000000000 
599	-0.00000000000000121000 
600	0.00000000000000156000 
601	0.00000000000000000000 
602	0.00000000000000000000 
603	0.00000000000000000000 
604	0.00000000000000000000 
605	-0.00000000000000033300 
606	0.06627000000000000000 
607	-0.00000000000000033300 
608	-0.04527000000000000000 
609	0.00000000000000000000 
610	0.00000000000000000000 
611	0.00000000000000000000 
612	0.00000000000000000000 
613	0.00000000000000000000 
614	-0.00000000000000266000 
615	0.00000000000000178000 
616	0.00000000000000000000 
617	-0.00000000000000066600 
618	0.00000000000000000000 
619	0.00000000000000000000 
620	0.00000000000000000000 
621	0.00000000000000000000 
622	0.00000000000000000000 
623	0.00000000000000000000 
624	0.00000000000000000000 
625	0.00000000000000000000 
626	-0.00000000000000066600 
627	0.00000000000000000000 
628	0.00000000000000000000 
629	0.00000000000000144000 
630	0.00000000000000000000 
631	0.00000000000000000000 
632	0.00000000000000000000 
633	0.00000000000000000000 
634	0.00000000000000000000 
635	0.00000000000000000000 
636	-0.00000000000000027800 
637	-0.00000000000000178000 
638	0.00000000000000000000 
639	0.00000000000000072200 
640	0.00000000000000000000 
641	0.00000000000000000000 
642	0.00000000000000000000 
643	0.00000000000000000000 
644	0.00000000000000000000 
645	0.00000000000000000000 
646	0.00000000000000000000 
647	0.00000000000000055500 
648	0.00000000000000000000 
649	0.00000000000000000000 
650	-0.00000000000000016700 
651	0.00000000000000000000 
652	4.59777000000000000000 
653	0.00000000000000000000 
654	5.98079000000000000000 
655	5.77570000000000000000 
656	5.16595000000000000000 
657	0.00000000000000000000 
658	0.00000000000000000000 
659	0.00000000000000000000 
660	0.00000000000000000000 
661	0.00000000000000000000 
662	0.00000000000000000000 
663	-0.00000000000000044400 
664	0.00000000000000000000 
665	0.00000000000000000000 
666	0.00000000000000117000 
667	0.00000000000000000000 
668	0.00000000000000000000 
669	0.00000000000000000000 
670	0.00000000000000000000 
671	-0.00000000000000136000 
672	0.00000000000000000000 
673	0.00000000000000000000 
674	0.00000000000000052700 
675	0.00000000000000000000 
676	0.00000000000000000000 
677	0.00000000000000072200 
678	-0.00621079000000000000 
679	-0.44232000000000000000 
680	0.00000000000000072200 
681	-0.38145000000000000000 
682	0.00000000000000072200 
683	-0.31741000000000000000 
684	0.73924600000000000000 
685	-0.00000000000000077700 
686	0.00000000000000355000 
687	-0.00000000000000005550 
688	0.00000000000000000000 
689	0.00000000000000000000 
690	0.00000000000000000000 
691	0.00000000000000000000 
692	0.00000000000000000000 
693	0.00000000000000000000 
694	0.00000000000000000000 
695	0.00000000000000000000 
696	0.00000000000000000000 
697	0.00000000000000033300 
698	0.00000000000000000000 
699	0.00000000000000000000 
700	-0.00000000000000061100 
701	0.00000000000000178000 
702	0.00000000000000000000 
703	0.00000000000000027800 
704	0.00000000000000000000 
705	0.00000000000000005550 
706	0.00000000000000000000 
707	0.00000000000000000000 
708	-0.00000000000000069400 
709	0.00000000000000000000 
710	0.00000000000000000000 
711	0.00000000000000055500 
712	0.00000000000000000000 
713	0.00000000000000000000 
714	-0.00000000000000055500 
715	0.00000000000000000000 
716	1.14683000000000000000 
717	2.61292000000000000000 
718	0.00000000000000000000 
719	0.00000000000000000000 
720	0.00000000000000000000 
721	0.00000000000000000000 
722	0.00000000000000216000 
723	0.00000000000000000000 
724	0.00000000000000000000 
725	0.00000000000000027800 
726	0.00000000000000000000 
727	3.94272000000000000000 
728	0.00000000000000000000 
729	-0.00000000000000091600 
730	0.00000000000000000000 
731	-0.00000000000000016700 
732	0.00000000000000000000 
733	0.00000000000000000000 
734	0.00000000000000000000 
735	0.00000000000000000000 
736	0.00000000000000000000 
737	0.00000000000000000000 
738	0.00000000000000000000 
739	0.00000000000000000000 
740	0.00000000000000000000 
741	0.00000000000000000000 
742	0.00000000000000000000 
743	0.00000000000000000000 
744	0.00000000000000000000 
745	0.00000000000000000000 
746	0.00000000000000000000 
747	0.00000000000000000000 
748	0.00000000000000000000 
749	0.00000000000000000000 
750	0.00000000000000000000 
751	0.00000000000000000000 
752	0.00000000000000000000 
753	0.00000000000000000000 
754	0.00000000000000004160 
755	0.00000000000000000000 
756	0.00000000000000030500 
757	0.00000000000000000000 
758	0.00000000000000000000 
759	-0.00000000000000187000 
760	0.00000000000000000000 
761	-0.00000000000000311000 
762	0.00000000000000000000 
763	0.00000000000000055500 
764	0.00000000000000000000 
765	0.00000000000000000000 
766	0.00000000000000167000 
767	0.00000000000000000000 
768	0.00000000000000000000 
769	-0.00000000000000011100 
770	0.00000000000000000000 
771	0.00000000000000000000 
772	-0.00000000000000122000 
773	0.00000000000000000000 
774	0.00000000000000000000 
775	0.00000000000000000000 
776	0.00000000000000000000 
777	0.00000000000000000000 
778	0.00000000000000000000 
779	0.00000000000000000000 
780	0.36574000000000000000 
781	0.00000000000000000000 
782	0.00000000000000178000 
783	0.00000000000000000000 
784	-0.00000000000000027800 
785	0.00000000000000000000 
786	3.19628000000000000000 
787	3.20198000000000000000 
788	3.16112000000000000000 
789	3.18635000000000000000 
790	-0.00000000000000016700 
791	0.00000000000000000000 
792	0.00000000000000511000 
793	0.00000000000000000000 
794	0.00000000000000117000 
795	0.00000000000000000000 
796	0.00000000000000000000 
797	0.00000000000000088800 
798	0.00000000000000000000 
799	0.00000000000000022200 
800	0.00000000000000000000 
801	0.00000000000000000000 
802	-0.00000000000000122000 
803	0.00000000000000000000 
804	0.00000000000000305000 
805	0.00000000000011400000 
806	0.00000000000000000000 
807	-0.00000000000001530000 
808	0.00000000000000000000 
809	0.00000000000000000000 
810	0.00000000000000000000 
811	0.00000000000000000000 
812	0.00000000000000000000 
813	0.00000000000000000000 
814	0.00000000000000000000 
815	1.49415000000000000000 
816	1.35254000000000000000 
817	1.34738000000000000000 
818	1.37199000000000000000 
819	1.82864000000000000000 
820	-0.00000000000000500000 
821	0.00000000000000000000 
822	0.00000000000000000000 
823	-0.00000000000000117000 
824	-0.01337000000000000000 
825	2.36757000000000000000 
826	2.11315000000000000000 
827	0.00000000000000000000 
828	2.10259000000000000000 
829	0.00000000000000000000 
830	3.42246000000000000000 
831	0.00000000000000000000 
832	0.00000000000000000000 
833	0.00000000000000000000 
834	0.00000000000000027800 
835	0.00000000000000000000 
836	0.00000000000000058300 
837	0.00000000000000000000 
838	0.00000000000000000000 
839	-0.00000000000000030500 
840	0.00000000000000000000 
841	0.00000000000000000000 
842	0.00000000000000000000 
843	0.00000000000000000000 
844	0.00000000000000000000 
845	0.00000000000000000000 
846	-0.00000000000000047200 
847	0.00000000000000178000 
848	0.00000000000000000000 
849	0.00000000000000002780 
850	0.00000000000000000000 
851	0.00000000000000050000 
852	-0.00000000000000178000 
853	0.00000000000000000000 
854	0.00000000000000055500 
855	0.00000000000000000000 
856	-0.00000000000000005550 
857	0.00000000000000014700 
858	0.00000000000000000000 
859	-0.00000000000000005550 
860	0.00000000000000000000 
861	0.00000000000000036100 
862	-0.00000000000000178000 
863	0.00000000000000000000 
864	0.00000000000000066600 
865	0.00000000000000000000 
866	-0.00000000000000088800 
867	0.00000000000000000000 
868	0.00000000000000000000 
869	0.00000000000000000000 
870	0.00000000000000000000 
871	0.00000000000000000000 
872	0.00000000000000000000 
873	0.00000000000000000000 
874	-0.00000000000000011100 
875	0.00000000000000000000 
876	0.00000000000000000000 
877	0.00000000000000093000 
878	0.00000000000000000000 
879	0.00000000000000000000 
880	0.00000000000000000000 
881	0.00000000000000027800 
882	0.00000000000000000000 
883	0.00000000000000000000 
884	0.00000000000000133000 
885	0.00000000000000000000 
886	0.00000000000000000000 
887	-0.00000000000000083300 
888	0.00000000000000000000 
889	0.00000000000000000000 
890	0.00000000000000000000 
891	0.00000000000000000000 
892	0.00000000000000000000 
893	0.00000000000000000000 
894	-0.00000000000000155000 
895	0.00000000000000000000 
896	-0.00000000000000058300 
897	0.00000000000000000000 
898	0.00000000000000083300 
899	0.00000000000000000000 
900	0.00000000000000000000 
901	0.00000000000000083300 
902	0.00000000000000000000 
903	0.00000000000000000000 
904	-0.00000000000000038900 
905	0.00000000000000000000 
906	0.00000000000000000000 
907	0.00000000000000000000 
908	0.00000000000000000000 
909	0.00000000000000000000 
910	0.00000000000000000000 
911	0.00000000000000000000 
912	-0.00000000000000066600 
913	0.00000000000000178000 
914	0.00000000000000000000 
915	-0.00000000000000105000 
916	0.00000000000000000000 
917	-0.00000000000000050000 
918	0.00000000000000000000 
919	0.00000000000000005550 
920	0.00000000000000000000 
921	0.00000000000000000000 
922	0.00000000000000005550 
923	0.00000000000000000000 
924	0.00000000000000011100 
925	-0.00000000000000178000 
926	0.00000000000000000000 
927	0.00000000000000033300 
928	0.00000000000000000000 
929	-0.00000000000000151000 
930	0.00000000000000000000 
931	0.00000000000000000000 
932	0.00000000000000027800 
933	0.00000000000000000000 
934	0.00000000000000000000 
935	0.00000000000000155000 
936	0.00000000000000000000 
937	0.00000000000000000000 
938	-0.00000000000000061100 
939	0.00000000000000178000 
940	0.00000000000000000000 
941	0.00000000000000055500 
942	0.00000000000000000000 
943	0.00000000000000072200 
944	0.00000000000000000000 
945	0.00000000000000000000 
946	-0.00000000000000011100 
947	0.00000000000000000000 
948	-0.00000000000000044400 
949	0.00000000000000000000 
950	0.00000000000000000000 
951	0.00000000000000155000 
952	0.00000000000000000000 
953	0.00000000000000016700 
954	0.00000000000000178000 
955	0.00000000000000000000 
956	-0.00000000000000016700 
957	0.00000000000000000000 
958	1.27855000000000000000 
959	0.97518300000000000000 
960	0.00000000000000205000 
961	0.00000000000000000000 
962	0.00000000000000000000 
963	0.00000000000000011100 
964	0.00000000000000000000 
965	-0.00000000000000122000 
966	0.00000000000000178000 
967	0.00000000000000000000 
968	0.00000000000000077700 
969	0.00000000000000000000 
970	-0.00000000000000050000 
971	0.00000000000000000000 
972	0.88028200000000000000 
973	-0.00000000000000033300 
974	0.00000000000000000000 
975	0.00000000000000072200 
976	-0.48728000000000000000 
977	-0.65756000000000000000 
978	-0.65756000000000000000 
979	3.29693000000000000000 
980	0.00000000000000055500 
981	0.00000000000000000000 
982	0.00000000000000000000 
983	0.00000000000000000000 
984	0.00000000000000000000 
985	0.00000000000000000000 
986	0.00000000000000000000 
987	0.00000000000000000000 
988	0.00000000000000000000 
989	0.00000000000000000000 
990	0.00000000000000000000 
991	0.00000000000000000000 
992	0.00000000000000012500 
993	0.00000000000000000000 
994	0.00000000000000000000 
995	0.00000000000000018700 
996	0.00000000000000000000 
997	0.00000000000000000000 
998	0.00000000000000000000 
999	0.00000000000000000000 
1000	0.00000000000000000000 
1001	0.00000000000000000000 
1002	0.00000000000000000000 
1003	0.00000000000000128000 
1004	0.00000000000000000000 
1005	0.00000000000000000000 
1006	0.00000000000000000000 
1007	3.53283000000000000000 
1008	0.00000000000006890000 
1009	-0.00000000000022700000 
1010	0.00000000000000000000 
1011	-0.00000000000010200000 
1012	0.00000000000000000000 
1013	0.00000000000000000000 
1014	0.00000000000000000000 
1015	0.00000000000000000000 
1016	5.74240000000000000000 
1017	2.55802000000000000000 
1018	0.00000000000000000000 
1019	0.00000000000000000000 
1020	0.00000000000000000000 
1021	0.00000000000000000000 
1022	0.00000000000000000000 
1023	0.00000000000000000000 
1024	0.00000000000000000000 
1025	0.00000000000000000000 
1026	0.00000000000000000000 
1027	0.00000000000000000000 
1028	0.00000000000000000000 
1029	0.00000000000000000000 
1030	3.98265000000000000000 
1031	4.27792000000000000000 
1032	5.88274000000000000000 
1033	0.00000000000007890000 
1034	0.00000000000000000000 
1035	0.00000000000000000000 
1036	0.00000000000000000000 
1037	0.00000000000000000000 
1038	0.00000000000000000000 
1039	0.00000000000000000000 
1040	0.00000000000000088800 
1041	0.00000000000000000000 
1042	0.00000000000000002780 
1043	0.00000000000000000000 
1044	0.00000000000000000000 
1045	0.00000000000000000000 
1046	0.00000000000000000000 
1047	0.00000000000000000000 
1048	0.00000000000000000000 
1049	0.00000000000000000000 
1050	2.61734000000000000000 
1051	0.00000000000000000000 
1052	-0.00000000000000094400 
1053	0.00000000000000000000 
1054	0.00000000000000000000 
1055	0.00000000000000000000 
1056	0.00000000000000000000 
1057	0.00000000000000000000 
1058	0.00000000000000000000 
1059	0.00000000000000000000 
1060	2.92202000000000000000 
1061	2.79851000000000000000 
1062	0.00000000000000000000 
1063	0.00000000000000000000 
1064	-0.00000000000011000000 
1065	-0.00000000000009060000 
1066	0.00000000000000000000 
1067	0.00000000000000083300 
1068	0.00000000000000000000 
1069	0.00000000000000055500 
1070	0.00000000000000000000 
1071	0.00000000000000077700 
1072	0.00000000000000000000 
1073	0.00000000000000083300 
1074	0.00000000000000000000 
1075	-0.00000000000000088800 
1076	0.00000000000000000000 
1077	0.00000000000000000000 
1078	0.00000000000000000000 
1079	0.00000000000000000000 
1080	-0.00000000000000066600 
1081	-0.00000000000000178000 
1082	0.00000000000000000000 
1083	0.00000000000000088800 
1084	0.00000000000000000000 
1085	0.00000000000000000163 
1086	0.00000000000000000000 
1087	-0.00000000000000000060 
1088	0.00000000000000000000 
1089	0.00000000000000000000 
1090	0.00000000000000005550 
1091	-0.08372000000000000000 
1092	2.16275000000000000000 
1093	2.15738000000000000000 
1094	0.00000000000000000664 
1095	0.00000000000000000000 
1096	0.00000000000000000000 
1097	-0.00000000000000000022 
1098	0.00000000000000000000 
1099	0.00000000000000000000 
1100	4.99594000000000000000 
1101	0.00000000000000000000 
1102	0.00000000000000533000 
1103	0.00000000000000000000 
1104	0.00000000000000000000 
1105	0.00000000000000000103 
1106	0.00000000000000000000 
1107	0.00000000000000000000 
1108	0.00000000000000000102 
1109	0.00000000000000000000 
1110	0.00000000000000000000 
1111	-0.00000000000000000141 
1112	0.00000000000000000000 
1113	-0.00000000000000000008 
1114	0.00000000000000000000 
1115	0.21938700000000000000 
1116	-0.00000000000000051600 
1117	0.00000000000000000000 
1118	0.00000000000000000000 
1119	-0.00000000000000155000 
1120	0.00000000000000000000 
1121	-0.08203690000000000000 
1122	9.17641000000000000000 
1123	9.24947000000000000000 
1124	9.78035000000000000000 
1125	-0.00000000000000000152 
1126	0.00000000000000000000 
1127	0.00000000000000000000 
1128	0.00000000000000000000 
1129	0.00000000000000000000 
1130	0.00000000000000000000 
1131	0.00000000000000000000 
1132	-0.00000000000000038900 
1133	0.01170000000000000000 
1134	-0.00000000000000008300 
1135	0.00000000000000000000 
1136	0.00000000000000004500 
1137	0.00000000000000000000 
1138	-0.20916000000000000000 
1139	0.90651100000000000000 
1140	0.00000000000000000000 
1141	-0.00000000000000088800 
1142	-0.02750000000000000000 
1143	0.00000000000000000000 
1144	0.00000000000000000000 
1145	0.00000000000000000000 
1146	0.00000000000000000000 
1147	0.00000000000000000000 
1148	0.00000000000000000000 
1149	0.00000000000000000000 
1150	0.00000000000000000000 
1151	0.00000000000000000000 
1152	0.00000000000000000000 
1153	0.00000000000000000000 
1154	0.00000000000000000000 
1155	0.00000000000000000000 
1156	0.00000000000000000000 
1157	-0.00000000000000038900 
1158	-0.02871000000000000000 
1159	0.00000000000000000000 
1160	0.00000000000000000000 
1161	0.00000000000000000000 
1162	0.00000000000000000000 
1163	0.00000000000000000000 
1164	0.00000000000000000000 
1165	0.00000000000000000000 
1166	0.00000000000000000000 
1167	0.00000000000000000000 
1168	0.00000000000000000000 
1169	0.00000000000000000000 
1170	1.86092000000000000000 
1171	0.00000000000000000000 
1172	0.00000000000000000000 
1173	0.00000000000000000000 
1174	0.00000000000000000000 
1175	0.00000000000000000000 
1176	0.00000000000000000000 
1177	0.00000000000000000000 
1178	-0.00000000000000010400 
1179	0.00000000000000000000 
1180	-0.00000000000000002780 
1181	0.00000000000000000000 
1182	0.00000000000000000000 
1183	0.00000000000000000000 
1184	0.00000000000000000000 
1185	0.00000000000000000000 
1186	-0.00277534000000000000 
1187	-0.18412000000000000000 
1188	0.73522200000000000000 
1189	-0.00212306000000000000 
1190	-0.00055000000000000000 
1191	1.49873000000000000000 
1192	0.00000000000000000000 
1193	0.00000000000000000000 
1194	0.00000000000000000000 
1195	0.00000000000000000000 
1196	0.00000000000000000000 
1197	0.00000000000000000000 
1198	0.00000000000000000000 
1199	0.00000000000000000000 
1200	0.00000000000000000000 
1201	0.00000000000000000000 
1202	0.00000000000000000000 
1203	-0.00000000000000255000 
1204	0.00885000000000000000 
1205	0.00000000000000000000 
1206	-0.00000000000000711000 
1207	0.00000000000000000000 
1208	0.00000000000000000000 
1209	0.00000000000000000000 
1210	0.00000000000000000000 
1211	0.00000000000000000000 
1212	0.00000000000000000000 
1213	0.00000000000000000000 
1214	0.00000000000000000000 
1215	9.86504000000000000000 
1216	0.00000000000000000000 
1217	0.09083000000000000000 
1218	-0.00015198100000000000 
1219	-0.62701500000000000000 
1220	-0.65225100000000000000 
1221	0.40314400000000000000 
1222	0.43801900000000000000 
1223	0.00000000000000000000 
1224	0.00000000000000000000 
1225	0.00000000000000000000 
1226	0.00000000000000000000 
1227	0.00000000000000000000 
1228	0.00000000000000000000 
1229	0.00000000000000000000 
1230	0.00000000000000000000 
1231	0.00000000000000000000 
1232	0.00000000000000000000 
1233	0.00000000000000000000 
1234	0.00000000000000000000 
1235	0.00000000000000000000 
1236	0.00000000000000000000 
1237	0.00000000000000000000 
1238	0.00000000000000000000 
1239	0.00000000000000000000 
1240	0.00000000000000000000 
1241	-0.00000000000000005550 
1242	-0.01597000000000000000 
1243	0.00000000000000000000 
1244	0.00000000000000000000 
1245	0.00000000000000000000 
1246	0.00000000000000000000 
1247	0.00000000000000000000 
1248	-0.04038000000000000000 
1249	0.00000000000000000000 
1250	0.00000000000000000000 
1251	0.00000000000000000000 
1252	0.00000000000000000000 
1253	0.00000000000000000000 
1254	0.00000000000000000000 
1255	0.00000000000000000000 
1256	0.00000000000000000000 
1257	0.00000000000000000000 
1258	0.00000000000000000000 
1259	0.00000000000000000000 
1260	-0.00000000000000016700 
1261	0.00000000000000000000 
1262	0.00000000000000061100 
1263	0.00000000000000000000 
1264	0.00000000000000000000 
1265	0.00000000000000000000 
1266	0.00000000000000000000 
1267	-0.00000000000000355000 
1268	0.00000000000000000000 
1269	0.00000000000000000000 
1270	0.00000000000000000000 
1271	0.00000000000000000000 
1272	0.00000000000000000000 
1273	0.00000000000000000000 
1274	0.00000000000000000000 
1275	0.00000000000000000000 
1276	9.73686000000000000000 
1277	-0.00000000000000016700 
1278	0.00000000000000000000 
1279	0.00000000000000000000 
1280	0.00000000000000000000 
1281	0.00000000000000000000 
1282	0.00000000000000000000 
1283	0.00000000000000000000 
1284	0.00000000000000000000 
1285	0.00000000000000000000 
1286	0.00000000000000000000 
1287	0.00000000000000000000 
1288	0.00000000000000000000 
1289	0.00000000000000000000 
1290	0.00000000000000000000 
1291	0.00000000000000000000 
1292	0.00000000000000000000 
1293	0.00000000000000000000 
1294	0.00000000000000155000 
1295	0.00000000000000000000 
1296	0.00000000000000000000 
1297	0.00000000000000000000 
1298	0.00000000000000000000 
1299	0.00000000000000000000 
1300	0.00000000000000000000 
1301	0.00000000000000000000 
1302	0.00000000000000000000 
1303	0.00000000000000000000 
1304	0.00000000000000000000 
1305	0.00000000000000000000 
1306	0.00000000000000000000 
1307	0.00000000000000000000 
1308	0.00000000000000000000 
1309	0.00000000000000000000 
1310	0.00000000000000016700 
1311	0.00465000000000000000 
1312	0.00000000000000000000 
1313	0.00625000000000000000 
1314	0.00000000000000000000 
1315	0.00000000000000000000 
1316	0.00000000000000000000 
1317	0.00000000000000000000 
1318	0.00000000000000000000 
1319	0.00000000000000000000 
1320	0.00000000000000000000 
1321	0.00000000000000000000 
1322	0.00000000000000000000 
1323	0.00000000000000000000 
1324	0.00000000000000000000 
1325	0.00000000000000000000 
1326	0.00000000000000000000 
1327	9.53055000000000000000 
1328	8.63988000000000000000 
1329	0.00000000000000000000 
1330	0.00000000000000000000 
1331	0.00000000000000000000 
1332	0.00000000000000000000 
1333	0.00000000000000000000 
1334	0.00000000000000000000 
1335	0.00000000000000000000 
1336	0.00000000000000000000 
1337	0.00000000000000000000 
1338	0.00000000000000000000 
1339	0.00000000000000000000 
1340	0.00000000000000000000 
1341	0.00000000000000000000 
1342	0.00000000000000000000 
1343	0.00000000000000000000 
1344	0.00000000000000000000 
1345	0.00000000000000000000 
1346	0.00000000000000000000 
1347	0.00000000000000000000 
1348	0.00000000000000000000 
1349	0.00000000000000000000 
1350	0.00000000000000000000 
1351	0.00000000000000000000 
1352	0.00000000000000072500 
1353	0.00000000000000000000 
1354	0.00000000000000030900 
1355	0.00000000000000000000 
1356	0.00000000000000000000 
1357	0.00000000000000000000 
1358	0.00000000000000000000 
1359	0.00000000000000000000 
1360	0.00000000000000000000 
1361	0.00000000000000000000 
1362	0.00000000000000000000 
1363	0.00000000000000000000 
1364	0.00000000000000000000 
1365	0.00000000000000000000 
1366	0.00000000000000000000 
1367	0.00000000000000000000 
1368	0.00000000000000000000 
1369	0.00000000000000000000 
1370	0.00000000000000000000 
1371	0.00000000000000000000 
1372	0.00000000000000000000 
1373	0.00000000000000000000 
1374	0.00000000000000000000 
1375	0.00000000000000000000 
1376	0.00000000000000000000 
1377	0.00000000000000000000 
1378	0.00000000000000000000 
1379	0.00000000000000000000 
1380	0.00000000000000000000 
1381	0.00000000000000000000 
1382	0.00000000000000000000 
1383	0.00000000000000000000 
1384	0.00000000000000000000 
1385	0.00000000000000000000 
1386	0.00000000000000000000 
1387	0.00000000000000000000 
1388	0.00000000000000000000 
1389	0.00000000000000000000 
1390	-0.10471100000000000000 
1391	0.00000000000000000000 
1392	0.00000000000000000000 
1393	0.00000000000000000000 
1394	-0.00836000000000000000 
1395	0.00000000000000000000 
1396	0.00000000000000000000 
1397	0.00000000000000000000 
1398	0.00000000000000000000 
1399	0.00000000000000000000 
1400	0.00000000000000000000 
1401	0.00000000000000000000 
1402	0.00000000000000000000 
1403	0.00000000000000000000 
1404	0.00000000000000000000 
1405	0.00000000000000000000 
1406	0.00000000000000000000 
1407	0.00000000000000000000 
1408	0.00000000000000000000 
1409	0.00000000000000000000 
1410	0.00000000000000059000 
1411	-0.01883000000000000000 
1412	0.00000000000000000000 
1413	0.00000000000000000000 
1414	0.00000000000000000000 
1415	0.00000000000000000000 
1416	0.00000000000000000000 
1417	-0.00000000000000161000 
1418	0.05449000000000000000 
1419	-0.00000000000000022200 
1420	0.00000000000000000000 
1421	0.00000000000000000000 
1422	0.00000000000000000000 
1423	0.00000000000000000000 
1424	0.00000000000000000000 
