0	0.00000000000001398880 	
1	0.05828000000000000000 	
2	-1.55158000000000000000 	
3	-0.00000000000000222045 	
4	0.00000000000000710543 	
5	-1.47509000000000000000 	
6	0.07389920000000000000 	
7	0.03634020000000000000 	
8	0.00542553000000000000 	
9	-0.00481865000000000000 	
10	-22.00290000000000000000 	
11	0.00645425000000000000 	
12	-0.00905568000000000000 	
13	0.01105690000000000000 	
14	-0.05054940000000000000 	
15	0.00374131000000000000 	
16	0.00492115000000000000 	
17	0.00553054000000000000 	
18	-0.00891993000000000000 	
19	-0.00000000000000227596 	
20	0.00031639800000000000 	
21	0.00000000000000238698 	
22	0.01130600000000000000 	
23	0.01044990000000000000 	
24	0.00575079000000000000 	
25	-0.00000000000004263260 	
26	-0.03384000000000000000 	
27	-1.03992000000000000000 	
28	0.00000000000000000000 	
29	-0.01072300000000000000 	
30	0.02421710000000000000 	
31	0.02826000000000000000 	
32	0.01917800000000000000 	
33	0.06075360000000000000 	
34	0.01232620000000000000 	
35	0.01652410000000000000 	
36	-0.00115243000000000000 	
37	0.28040000000000000000 	
38	0.01182640000000000000 	
39	0.01655940000000000000 	
40	-1.50279000000000000000 	
41	-0.00344027000000000000 	
42	0.00000000000000000000 	
43	0.00215010000000000000 	
44	0.01227010000000000000 	
45	0.00000000000002486900 	
46	0.00000000000000088818 	
47	0.00415856000000000000 	
48	0.00359191000000000000 	
49	0.02582140000000000000 	
50	-0.00000000000000177636 	
51	0.01776050000000000000 	
52	0.02243710000000000000 	
53	0.00396268000000000000 	
54	-0.00169060000000000000 	
55	0.01315750000000000000 	
56	0.00445265000000000000 	
57	0.01562570000000000000 	
58	2.08413000000000000000 	
59	0.00166039000000000000 	
60	-0.10741000000000000000 	
61	0.01656820000000000000 	
62	0.00076851200000000000 	
63	-0.00002028600000000000 	
64	0.00686540000000000000 	
65	0.00437240000000000000 	
66	0.00223617000000000000 	
67	0.01096740000000000000 	
68	0.00665144000000000000 	
69	0.00443741000000000000 	
70	0.00511187000000000000 	
71	0.01563660000000000000 	
72	-0.00000000000000266454 	
73	-0.00256463000000000000 	
74	-0.00000000000002398080 	
75	0.02337330000000000000 	
76	-0.46809000000000000000 	
77	0.01525840000000000000 	
78	0.00937134000000000000 	
79	0.00661932000000000000 	
80	4.11893000000000000000 	
81	-0.01366510000000000000 	
82	0.01291380000000000000 	
83	0.01186620000000000000 	
84	0.04105660000000000000 	
85	-0.00021000000000000000 	
86	0.00000000000000000000 	
87	0.01669490000000000000 	
88	0.00405117000000000000 	
89	0.02220430000000000000 	
90	-21.72260000000000000000 	
91	0.00127976000000000000 	
92	0.00002006760000000000 	
93	0.00183251000000000000 	
94	0.00330090000000000000 	
95	0.01861670000000000000 	
96	-0.01862930000000000000 	
97	-0.00598211000000000000 	
98	0.00191546000000000000 	
99	2.34157000000000000000 	
100	0.01318490000000000000 	
101	0.02226740000000000000 	
102	0.01804880000000000000 	
103	0.01093970000000000000 	
104	0.01051080000000000000 	
105	0.01198690000000000000 	
106	0.01709370000000000000 	
107	0.01448050000000000000 	
108	0.01473100000000000000 	
109	0.00000000000000205391 	
110	0.56747000000000000000 	
111	-0.01234220000000000000 	
112	0.02535440000000000000 	
113	0.00165960000000000000 	
114	-0.01755380000000000000 	
115	0.01283510000000000000 	
116	0.00059111300000000000 	
117	0.00348769000000000000 	
118	0.01659050000000000000 	
119	0.00000000000000910383 	
120	0.01519750000000000000 	
121	0.00143650000000000000 	
122	0.00761689000000000000 	
123	0.00710050000000000000 	
124	0.01190300000000000000 	
125	-0.01500150000000000000 	
126	0.00751394000000000000 	
127	0.01255180000000000000 	
128	0.00703554000000000000 	
129	0.00330665000000000000 	
130	0.01767760000000000000 	
131	0.02044120000000000000 	
132	-0.00043329900000000000 	
133	-0.00194216000000000000 	
134	0.01521250000000000000 	
135	-0.00004539360000000000 	
136	-0.01598290000000000000 	
137	-0.00000000000003197440 	
138	0.01719530000000000000 	
139	0.00794544000000000000 	
140	-0.00000000000001243450 	
141	0.02582280000000000000 	
142	0.74176100000000000000 	
143	0.00000000000000000000 	
144	0.00000000000000000000 	
145	0.01290120000000000000 	
146	-0.00039379900000000000 	
147	0.00601347000000000000 	
148	-0.00331656000000000000 	
149	0.02300100000000000000 	
150	0.01554410000000000000 	
151	0.10005000000000000000 	
152	0.00730250000000000000 	
153	0.00149331000000000000 	
154	-0.15422000000000000000 	
155	4.11817000000000000000 	
156	0.00000000000000688338 	
157	-0.00000000000000888178 	
158	0.00704803000000000000 	
159	0.01397170000000000000 	
160	-0.00000000000001776360 	
161	-0.00031477400000000000 	
162	0.00560678000000000000 	
163	0.00000000000000141553 	
164	-0.00149988000000000000 	
165	-0.00000000000002309260 	
166	0.00000000000000000000 	
167	0.00000000000000000000 	
168	0.00908869000000000000 	
169	0.00216774000000000000 	
170	0.01494340000000000000 	
171	0.01176200000000000000 	
172	0.00000000000002664540 	
173	0.00000000000000177636 	
174	0.00262256000000000000 	
175	0.01611630000000000000 	
176	0.01281360000000000000 	
177	0.00681274000000000000 	
178	-0.00104213000000000000 	
179	0.00253570000000000000 	
180	-0.00051378400000000000 	
181	0.00332814000000000000 	
182	0.00630839000000000000 	
183	0.00506337000000000000 	
184	-0.00013665400000000000 	
185	0.00884433000000000000 	
186	0.00000000000000760503 	
187	-0.00109370000000000000 	
188	2.38124000000000000000 	
189	-0.00000000000000194289 	
190	0.01150870000000000000 	
191	0.00000000000000438538 	
192	0.02328740000000000000 	
193	0.02355820000000000000 	
194	0.01228050000000000000 	
195	0.01016330000000000000 	
196	0.01186340000000000000 	
197	0.00483876000000000000 	
198	0.00491981000000000000 	
199	0.00243153000000000000 	
200	0.01090530000000000000 	
201	-0.00504191000000000000 	
202	-0.00439191000000000000 	
203	0.87318100000000000000 	
204	0.01003810000000000000 	
205	0.01461520000000000000 	
206	0.01443900000000000000 	
207	-0.00056134200000000000 	
208	-0.00106390000000000000 	
209	-0.00054062600000000000 	
210	0.00105037000000000000 	
211	0.01711490000000000000 	
212	0.00992280000000000000 	
213	0.01276830000000000000 	
214	0.00000000000000000000 	
215	0.01387880000000000000 	
216	0.00987951000000000000 	
217	-0.00985319000000000000 	
218	0.17813900000000000000 	
219	0.00487678000000000000 	
220	0.00120849000000000000 	
221	0.00516995000000000000 	
222	-0.01505940000000000000 	
223	0.01346670000000000000 	
224	0.00000000000000044409 	
225	-0.01418420000000000000 	
226	0.39238500000000000000 	
227	0.00208225000000000000 	
228	0.00000000000000000000 	
229	-0.00489430000000000000 	
230	0.01077950000000000000 	
231	0.00756695000000000000 	
232	0.00358631000000000000 	
233	0.00385445000000000000 	
234	0.01763130000000000000 	
235	-0.00324020000000000000 	
236	0.01465430000000000000 	
237	0.00461180000000000000 	
238	0.01073020000000000000 	
239	-0.00000000000001432190 	
240	-0.00000000000000291434 	
241	-0.00000000000002475800 	
242	-0.03825920000000000000 	
243	0.00038576700000000000 	
244	0.00085909500000000000 	
245	0.00925492000000000000 	
246	0.04375080000000000000 	
247	-0.00682763000000000000 	
248	-0.01470710000000000000 	
249	0.00280234000000000000 	
250	-1.22305000000000000000 	
251	0.00170088000000000000 	
252	-0.01425560000000000000 	
253	-0.00000000000000338618 	
254	0.01291010000000000000 	
255	0.00960045000000000000 	
256	0.00789393000000000000 	
257	0.00219448000000000000 	
258	-0.89316000000000000000 	
259	-0.00705796000000000000 	
260	0.00000000000000002776 	
261	-0.01220120000000000000 	
262	0.01050970000000000000 	
263	-0.00958178000000000000 	
264	0.00703127000000000000 	
265	-0.00000000000000033307 	
266	-0.01403620000000000000 	
267	0.00000000000002664540 	
268	0.00803946000000000000 	
269	0.00000000000000072165 	
270	0.02603940000000000000 	
271	0.01546550000000000000 	
272	0.01480580000000000000 	
273	-0.01948680000000000000 	
274	0.00000000000003375080 	
275	0.00936282000000000000 	
276	-0.00645317000000000000 	
277	0.84939500000000000000 	
278	0.00284878000000000000 	
279	-0.01304570000000000000 	
280	0.00043686300000000000 	
281	-0.01033870000000000000 	
282	0.00932700000000000000 	
283	-0.00000000000000100614 	
284	-0.00101926000000000000 	
285	0.01087880000000000000 	
286	-0.00545580000000000000 	
287	-0.01437460000000000000 	
288	-0.00092299300000000000 	
289	-0.00003585890000000000 	
290	0.00062114000000000000 	
291	-0.00000995913000000000 	
292	-0.05062480000000000000 	
293	-0.00056000000000000000 	
294	0.03824300000000000000 	
295	0.04280000000000000000 	
296	-0.01775150000000000000 	
297	0.00673210000000000000 	
298	0.34024000000000000000 	
299	0.07610000000000000000 	
300	-0.00005781320000000000 	
301	0.08507000000000000000 	
302	-0.00723120000000000000 	
303	-0.00355381000000000000 	
304	0.00141014000000000000 	
305	-0.00000000000000080491 	
306	0.00294428000000000000 	
307	0.00735912000000000000 	
308	-0.00000000000001421090 	
309	0.00335819000000000000 	
310	0.01256480000000000000 	
311	0.01184480000000000000 	
312	0.01595790000000000000 	
313	0.01218080000000000000 	
314	0.00527757000000000000 	
315	0.00527757000000000000 	
316	0.02099590000000000000 	
317	0.00546184000000000000 	
318	0.00689617000000000000 	
319	0.01996110000000000000 	
320	0.00000000000000116573 	
321	0.00000000000000000000 	
322	0.00159512000000000000 	
323	0.01457430000000000000 	
324	0.00523580000000000000 	
325	0.00119844000000000000 	
326	-0.01000710000000000000 	
327	0.00020489500000000000 	
328	0.00000000000000000000 	
329	-0.02941910000000000000 	
330	0.01344580000000000000 	
331	0.00000000000001065810 	
332	0.00308166000000000000 	
333	0.03355590000000000000 	
334	0.00000000000000296985 	
335	0.00550100000000000000 	
336	0.01197870000000000000 	
337	0.01199800000000000000 	
338	0.02930390000000000000 	
339	0.00000000000000666134 	
340	0.01552620000000000000 	
341	-0.00048105800000000000 	
342	0.01026320000000000000 	
343	0.00481375000000000000 	
344	0.00629832000000000000 	
345	0.00117864000000000000 	
346	0.00186308000000000000 	
347	0.02344420000000000000 	
348	0.00134368000000000000 	
349	0.00532738000000000000 	
350	0.01255590000000000000 	
351	0.00000000000000355271 	
352	0.00362444000000000000 	
353	0.00248064000000000000 	
354	-0.00100382000000000000 	
355	-0.00068785700000000000 	
356	0.02089610000000000000 	
357	0.01238050000000000000 	
358	0.00000000000000061062 	
359	0.00000000000000287270 	
360	0.00907608000000000000 	
361	-0.00000000000002842170 	
362	-0.01098110000000000000 	
363	0.00169791000000000000 	
364	0.00000000000000710543 	
365	0.01193870000000000000 	
366	0.02995350000000000000 	
367	-10.49420000000000000000 	
368	-10.48400000000000000000 	
369	0.00000000000000000000 	
370	0.38201800000000000000 	
371	-0.00564268000000000000 	
372	0.00000000000000355271 	
373	0.00000000000000000000 	
374	0.00365094000000000000 	
375	0.00767439000000000000 	
376	-0.09759000000000000000 	
377	-1.88571000000000000000 	
378	-0.00000000000000016653 	
379	-0.00000000000000344169 	
380	0.00000000000000000000 	
381	-0.00000000000000918710 	
382	0.00000000000000038858 	
383	0.00000000000000000000 	
384	0.00748155000000000000 	
385	-0.00000000000000355271 	
386	0.00935059000000000000 	
387	0.48751000000000000000 	
388	0.00000000000002103870 	
389	4.49637000000000000000 	
390	0.00842547000000000000 	
391	0.00000000000000000000 	
392	-0.00867051000000000000 	
393	0.00896739000000000000 	
394	0.00310108000000000000 	
395	0.00315425000000000000 	
396	-1.09508000000000000000 	
397	0.00977208000000000000 	
398	0.01104840000000000000 	
399	-1.99423000000000000000 	
400	-2.00121000000000000000 	
401	-22.60980000000000000000 	
402	-1.58517000000000000000 	
403	0.02147000000000000000 	
404	-0.00894000000000000000 	
405	0.02016000000000000000 	
406	0.06694000000000000000 	
407	0.02800000000000000000 	
408	0.00061254000000000000 	
409	0.01570660000000000000 	
410	0.00000000000000000000 	
411	-13.81820000000000000000 	
412	-13.84940000000000000000 	
413	0.00662771000000000000 	
414	0.00312340000000000000 	
415	0.00207960000000000000 	
416	0.10215000000000000000 	
417	-0.00000000000000016653 	
418	-0.00000000000000710543 	
419	-0.00568413000000000000 	
420	0.01727910000000000000 	
421	0.01338780000000000000 	
422	-0.00018165800000000000 	
423	-0.00335029000000000000 	
424	0.00000000000000000000 	
425	0.00000000000000000000 	
426	-0.00603064000000000000 	
427	0.00820479000000000000 	
428	0.00792753000000000000 	
429	0.00000000000000000000 	
430	0.00280617000000000000 	
431	-0.00000000000000091593 	
432	0.00416320000000000000 	
433	0.00432464000000000000 	
434	-0.00000000000000172085 	
435	-0.01203630000000000000 	
436	-0.00792675000000000000 	
437	0.27954700000000000000 	
438	-0.01585090000000000000 	
439	-0.00670948000000000000 	
440	0.01088080000000000000 	
441	0.00000000000000000000 	
442	0.00169258000000000000 	
443	0.01825690000000000000 	
444	1.94455000000000000000 	
445	0.00345837000000000000 	
446	-0.00013136500000000000 	
447	0.01168850000000000000 	
448	0.09913000000000000000 	
449	-0.49877000000000000000 	
450	0.00341562000000000000 	
451	0.00538206000000000000 	
452	0.00000000000000049960 	
453	0.00000000000000621725 	
454	0.00000000000000000000 	
455	0.01921160000000000000 	
456	0.00115775000000000000 	
457	0.00195376000000000000 	
458	0.00000000000000000000 	
459	-0.00322708000000000000 	
460	-0.08153000000000000000 	
461	0.00046709800000000000 	
462	-0.00050841700000000000 	
463	0.00269825000000000000 	
464	-0.02251200000000000000 	
465	0.00507160000000000000 	
466	-0.14434000000000000000 	
467	0.01130300000000000000 	
468	0.01125950000000000000 	
469	11.31670000000000000000 	
470	0.00373108000000000000 	
471	0.01896210000000000000 	
472	0.00000000000000000000 	
473	0.00000000000000249800 	
474	0.00796017000000000000 	
475	-0.02629210000000000000 	
476	-0.00889165000000000000 	
477	-1.18320000000000000000 	
478	0.25448000000000000000 	
479	0.00092326200000000000 	
480	0.00000000000000299760 	
481	0.00000000000000088818 	
482	0.00000000000000000000 	
483	0.00000000000000000000 	
484	0.00330925000000000000 	
485	-0.00000000000001065810 	
486	0.00628302000000000000 	
487	0.00040875200000000000 	
488	0.00000000000000405231 	
489	0.00000000000000000000 	
490	0.00000000000000000000 	
491	0.00000000000000000000 	
492	-0.00000000000000177636 	
493	0.00058075600000000000 	
494	-0.00135382000000000000 	
495	0.00069045300000000000 	
496	-0.17703500000000000000 	
497	-0.00015700800000000000 	
498	0.00203783000000000000 	
499	1.11394000000000000000 	
500	0.00000000000000000000 	
501	0.56742000000000000000 	
502	0.00000000000000004163 	
503	0.00000000000000000000 	
504	0.01784480000000000000 	
505	1.44889000000000000000 	
506	0.00349064000000000000 	
507	-0.00000000000000044409 	
508	-0.22411600000000000000 	
509	-0.00115000000000000000 	
510	-0.04024000000000000000 	
511	-0.00354000000000000000 	
512	0.00090000000000000000 	
513	-0.00259000000000000000 	
514	0.00501000000000000000 	
515	0.00000000000000000000 	
516	-0.00279000000000000000 	
517	0.00000000000000000000 	
518	0.00503612000000000000 	
519	-0.00073000000000000000 	
520	0.00063083400000000000 	
521	0.00000000000000000000 	
522	-0.00398392000000000000 	
523	0.00000000000000000000 	
524	0.00000000000000000000 	
525	0.00105000000000000000 	
526	0.00823617000000000000 	
527	-0.00483811000000000000 	
528	0.00000000000000000000 	
529	0.00000000000000000000 	
530	-0.22118000000000000000 	
531	0.08923000000000000000 	
532	0.00000000000000000000 	
533	0.00000000000000000000 	
534	0.00000000000000000000 	
535	-0.00057091500000000000 	
536	0.00417614000000000000 	
537	0.00231254000000000000 	
538	0.00000000000000000000 	
539	0.00503902000000000000 	
540	0.00233751000000000000 	
541	0.00464081000000000000 	
542	0.00385233000000000000 	
543	0.00105783000000000000 	
544	0.00123410000000000000 	
545	0.00085622400000000000 	
546	-0.00038711400000000000 	
547	-0.00065776900000000000 	
548	-0.14208000000000000000 	
549	-0.00409000000000000000 	
550	-0.00008012740000000000 	
551	-0.26436300000000000000 	
552	0.00000000000000000000 	
553	-0.00878000000000000000 	
554	0.00000000000000000000 	
555	-0.00406000000000000000 	
556	-0.01217000000000000000 	
557	-0.00490000000000000000 	
558	-0.00034987100000000000 	
559	0.00003804530000000000 	
560	0.00402324000000000000 	
561	-5.20762000000000000000 	
562	0.00000000000000710543 	
563	0.00395803000000000000 	
564	-0.00019726700000000000 	
565	-0.00739278000000000000 	
566	0.00000000000000000000 	
567	0.06001000000000000000 	
568	0.00000000000000022205 	
569	0.00000000000000000000 	
570	0.00000000000000000000 	
571	-0.76396100000000000000 	
572	0.00000000000000000000 	
573	0.00194393000000000000 	
574	5.23484000000000000000 	
575	0.00000000000000000000 	
576	3.95350000000000000000 	
577	3.95350000000000000000 	
578	0.00630402000000000000 	
579	0.61286200000000000000 	
580	0.00000000000000000000 	
581	0.00000000000000000000 	
582	4.66614000000000000000 	
583	-0.04514000000000000000 	
584	-0.04607000000000000000 	
585	2.01651000000000000000 	
586	5.10739000000000000000 	
587	5.34835000000000000000 	
588	5.30659000000000000000 	
589	6.90948000000000000000 	
590	6.50324000000000000000 	
591	6.62790000000000000000 	
592	6.81212000000000000000 	
593	6.70402000000000000000 	
594	5.63069000000000000000 	
595	5.66842000000000000000 	
596	5.65150000000000000000 	
597	4.63233000000000000000 	
598	5.60757000000000000000 	
599	5.62826000000000000000 	
600	5.60862000000000000000 	
601	5.10869000000000000000 	
602	5.13291000000000000000 	
603	4.65398000000000000000 	
604	0.39825600000000000000 	
605	1.37050000000000000000 	
606	0.23684800000000000000 	
607	-0.45060800000000000000 	
608	0.84109100000000000000 	
609	4.92293000000000000000 	
610	3.94886000000000000000 	
611	1.55016000000000000000 	
612	0.16222700000000000000 	
613	4.76454000000000000000 	
614	4.93657000000000000000 	
615	0.82308000000000000000 	
616	0.81856000000000000000 	
617	0.81638000000000000000 	
618	0.79482600000000000000 	
619	1.05972000000000000000 	
620	1.06080000000000000000 	
621	0.15436600000000000000 	
622	0.67305200000000000000 	
623	0.16766600000000000000 	
624	0.45100200000000000000 	
625	0.58133000000000000000 	
626	0.21301200000000000000 	
627	0.34356200000000000000 	
628	0.70852600000000000000 	
629	0.26068700000000000000 	
630	0.26666500000000000000 	
631	0.44978800000000000000 	
632	0.46124900000000000000 	
633	0.44723400000000000000 	
634	0.58952700000000000000 	
635	0.42854600000000000000 	
636	1.10546000000000000000 	
637	1.08865000000000000000 	
638	0.50035500000000000000 	
639	0.50925800000000000000 	
640	0.08492330000000000000 	
641	0.67556600000000000000 	
642	0.65321400000000000000 	
643	0.65149100000000000000 	
644	0.68232700000000000000 	
645	0.41586900000000000000 	
646	-0.21752100000000000000 	
647	0.72230800000000000000 	
648	0.64087300000000000000 	
649	0.64228700000000000000 	
650	-0.80281000000000000000 	
651	0.09733360000000000000 	
652	1.55496000000000000000 	
653	3.15491000000000000000 	
654	-2.94110000000000000000 	
655	0.42715100000000000000 	
656	0.75018800000000000000 	
657	0.52104800000000000000 	
658	0.44513500000000000000 	
659	-0.00950978000000000000 	
660	-0.00431000000000000000 	
661	1.46453000000000000000 	
662	1.49272000000000000000 	
663	1.47693000000000000000 	
664	3.29701000000000000000 	
665	3.12108000000000000000 	
666	1.95766000000000000000 	
667	1.78267000000000000000 	
668	2.88045000000000000000 	
669	-3.15749000000000000000 	
670	0.97102500000000000000 	
671	-0.00555770000000000000 	
672	0.41524300000000000000 	
673	0.80485700000000000000 	
674	-0.40711700000000000000 	
675	0.00510132000000000000 	
676	0.81498500000000000000 	
677	0.21230500000000000000 	
678	0.15976300000000000000 	
679	0.48813100000000000000 	
680	0.98807100000000000000 	
681	0.59417300000000000000 	
682	0.21406300000000000000 	
683	0.20628900000000000000 	
684	1.23145000000000000000 	
685	0.41269800000000000000 	
686	0.49922500000000000000 	
687	0.00324126000000000000 	
688	-0.02668750000000000000 	
689	1.71996000000000000000 	
690	0.43626700000000000000 	
691	0.56793400000000000000 	
692	0.70199500000000000000 	
693	0.71376000000000000000 	
694	0.59439400000000000000 	
695	0.51678800000000000000 	
696	0.59879300000000000000 	
697	1.80385000000000000000 	
698	3.47807000000000000000 	
699	0.42307700000000000000 	
700	0.39234000000000000000 	
701	0.72153600000000000000 	
702	2.54104000000000000000 	
703	1.26018000000000000000 	
704	0.60204700000000000000 	
705	0.60128500000000000000 	
706	0.52700600000000000000 	
707	0.51917700000000000000 	
708	0.36583000000000000000 	
709	0.07062850000000000000 	
710	0.49429200000000000000 	
711	0.52423000000000000000 	
712	4.19496000000000000000 	
713	1.42663000000000000000 	
714	4.71736000000000000000 	
715	4.48260000000000000000 	
716	4.53901000000000000000 	
717	0.31740400000000000000 	
718	0.32408700000000000000 	
719	0.54732800000000000000 	
720	0.55250400000000000000 	
721	0.58806500000000000000 	
722	0.59969200000000000000 	
723	0.58648600000000000000 	
724	1.47800000000000000000 	
725	0.59754100000000000000 	
726	0.69893700000000000000 	
727	0.41954400000000000000 	
728	1.03946000000000000000 	
729	1.12871000000000000000 	
730	-0.01370780000000000000 	
731	0.00040000000000000000 	
732	0.18459800000000000000 	
733	0.52785100000000000000 	
734	0.53016100000000000000 	
735	1.85464000000000000000 	
736	1.81915000000000000000 	
737	0.50698100000000000000 	
738	0.79669100000000000000 	
739	-4.44014000000000000000 	
740	0.15666400000000000000 	
741	4.69809000000000000000 	
742	-0.34748000000000000000 	
743	0.31641000000000000000 	
744	-0.00605000000000000000 	
745	0.06021250000000000000 	
746	0.05151630000000000000 	
747	1.46188000000000000000 	
748	-1.08197000000000000000 	
749	-0.00249188000000000000 	
750	0.00000000000000000000 	
751	-0.05908720000000000000 	
752	-0.02004140000000000000 	
753	-0.21806900000000000000 	
754	0.21569900000000000000 	
755	-0.04949000000000000000 	
756	-0.10253800000000000000 	
757	-0.01117560000000000000 	
758	0.25789900000000000000 	
759	-0.27440200000000000000 	
760	-0.00269000000000000000 	
761	0.25789900000000000000 	
762	-0.27440200000000000000 	
763	-0.00269000000000000000 	
764	0.00755155000000000000 	
765	-0.00776131000000000000 	
766	0.00726707000000000000 	
767	-0.02589890000000000000 	
768	-0.27961800000000000000 	
769	0.24560600000000000000 	
770	0.00000000000000000000 	
771	-0.27961800000000000000 	
772	0.26702600000000000000 	
773	-0.00008000000000000000 	
774	-0.01388600000000000000 	
775	0.00990078000000000000 	
776	-1.17316000000000000000 	
777	0.14434600000000000000 	
778	0.41994600000000000000 	
779	0.44937100000000000000 	
780	-0.52009900000000000000 	
781	-0.00964810000000000000 	
782	-0.35751400000000000000 	
783	-0.00823324000000000000 	
784	0.01168210000000000000 	
785	-0.01200660000000000000 	
786	0.01243990000000000000 	
787	-0.01278550000000000000 	
788	0.05646640000000000000 	
789	0.05339850000000000000 	
790	1.71126000000000000000 	
791	-1.58003000000000000000 	
792	-0.53929500000000000000 	
793	-0.00803474000000000000 	
794	-0.00304722000000000000 	
795	0.00000000000000000173 	
796	0.00000000000000000000 	
797	0.00000000000000000000 	
798	-2.16715000000000000000 	
799	-0.00865162000000000000 	
800	-2.16715000000000000000 	
801	-0.00865162000000000000 	
802	-0.39181600000000000000 	
803	0.00877475000000000000 	
804	-0.00901850000000000000 	
805	0.00000000000000000000 	
806	0.00779258000000000000 	
807	-0.00800905000000000000 	
808	-0.00027145700000000000 	
809	-0.00350000000000000000 	
810	0.02372700000000000000 	
811	0.04821450000000000000 	
812	0.00762736000000000000 	
813	-0.00783924000000000000 	
814	0.00757431000000000000 	
815	-0.00778471000000000000 	
816	-1.07625000000000000000 	
817	-0.00814080000000000000 	
818	-1.12826000000000000000 	
819	-0.17115900000000000000 	
820	-0.00946294000000000000 	
821	-0.41216900000000000000 	
822	-0.10333400000000000000 	
823	0.00621940000000000000 	
824	0.00913520000000000000 	
825	-0.28728200000000000000 	
826	-0.27771400000000000000 	
827	-0.00983355000000000000 	
828	-0.01237060000000000000 	
829	0.00688479000000000000 	
830	-0.01224090000000000000 	
831	-0.00611371000000000000 	
832	0.00771101000000000000 	
833	-0.00792521000000000000 	
834	0.00779739000000000000 	
835	-0.00801398000000000000 	
836	0.00777575000000000000 	
837	-0.06143170000000000000 	
838	0.00679363000000000000 	
839	-0.07062230000000000000 	
840	0.00969790000000000000 	
841	-0.00996729000000000000 	
842	0.00969790000000000000 	
843	-0.00996729000000000000 	
844	0.00000000000000000000 	
845	0.00000000000000000000 	
846	0.85765000000000000000 	
847	-0.05304580000000000000 	
848	0.40694200000000000000 	
849	-0.98138100000000000000 	
850	-1.50773000000000000000 	
851	0.00587578000000000000 	
852	-0.00603899000000000000 	
853	0.00750404000000000000 	
854	0.09809000000000000000 	
855	0.00917929000000000000 	
856	-0.00943427000000000000 	
857	-0.03472410000000000000 	
858	-0.00939474000000000000 	
859	0.08392380000000000000 	
860	-0.25633800000000000000 	
861	0.08706900000000000000 	
862	0.66921300000000000000 	
863	-0.28134700000000000000 	
864	0.13751600000000000000 	
865	0.00452000000000000000 	
866	-0.10696400000000000000 	
867	0.07899980000000000000 	
868	-0.02238000000000000000 	
869	0.00000000000000000000 	
870	0.00500613000000000000 	
871	-0.00514519000000000000 	
872	-1.90315000000000000000 	
873	-0.00967908000000000000 	
874	-0.44276700000000000000 	
875	-0.00943659000000000000 	
876	-0.47055700000000000000 	
877	-0.00953360000000000000 	
878	0.00913928000000000000 	
879	-0.00939315000000000000 	
880	0.00908737000000000000 	
881	-0.00933980000000000000 	
882	0.00000000000000000000 	
883	0.00000000000000000000 	
884	0.27388700000000000000 	
885	3.47676000000000000000 	
886	0.58651900000000000000 	
887	0.60276200000000000000 	
888	0.81639100000000000000 	
889	-0.02465120000000000000 	
890	-0.27276800000000000000 	
891	0.00000000000000000000 	
892	0.00000000000000000000 	
893	0.00000000000000000000 	
894	-0.06256740000000000000 	
895	2.08974000000000000000 	
896	2.11235000000000000000 	
897	0.00745411000000000000 	
898	-0.00766117000000000000 	
899	0.00751647000000000000 	
900	-0.00772526000000000000 	
901	-0.39181600000000000000 	
902	0.31322700000000000000 	
903	0.39064400000000000000 	
904	0.45271000000000000000 	
905	-0.25638900000000000000 	
906	-0.00793245000000000000 	
907	-0.25638900000000000000 	
908	-0.00793245000000000000 	
909	0.35944700000000000000 	
910	0.73999600000000000000 	
911	-0.10018800000000000000 	
912	0.04723630000000000000 	
913	0.26594300000000000000 	
914	0.00375164000000000000 	
915	-0.86597100000000000000 	
916	0.18446400000000000000 	
917	-0.00561000000000000000 	
918	-0.55220600000000000000 	
919	0.06623210000000000000 	
920	0.00117000000000000000 	
921	-0.86649500000000000000 	
922	0.27926400000000000000 	
923	0.00202000000000000000 	
924	-0.51651500000000000000 	
925	0.06873670000000000000 	
926	-0.00499000000000000000 	
927	-0.47594300000000000000 	
928	0.34620900000000000000 	
929	-0.10055000000000000000 	
930	-0.46026400000000000000 	
931	0.33961800000000000000 	
932	-0.09279000000000000000 	
933	-0.79921200000000000000 	
934	0.03744140000000000000 	
935	-0.02310000000000000000 	
936	-0.49157200000000000000 	
937	-0.27809800000000000000 	
938	-0.01348000000000000000 	
939	-0.79138000000000000000 	
940	0.17932700000000000000 	
941	-0.06294000000000000000 	
942	-1.62613000000000000000 	
943	0.95880400000000000000 	
944	-0.05187000000000000000 	
945	-9.01644000000000000000 	
946	8.02669000000000000000 	
947	-0.08418000000000000000 	
948	-0.80103500000000000000 	
949	-0.23153900000000000000 	
950	0.00344000000000000000 	
951	-1.09596000000000000000 	
952	0.65440800000000000000 	
953	-0.00325000000000000000 	
954	-1.09596000000000000000 	
955	0.67381800000000000000 	
956	-0.00218000000000000000 	
957	0.24497100000000000000 	
958	-0.86454600000000000000 	
959	-0.00163000000000000000 	
960	-0.49609600000000000000 	
961	-0.14498200000000000000 	
962	0.00062000000000000000 	
963	-0.79383500000000000000 	
964	0.29128600000000000000 	
965	-0.00242000000000000000 	
966	-1.39181000000000000000 	
967	0.86193200000000000000 	
968	-0.00096000000000000000 	
969	-0.97368300000000000000 	
970	0.46372500000000000000 	
971	-0.00886000000000000000 	
972	-0.61049100000000000000 	
973	0.09894750000000000000 	
974	-0.00935000000000000000 	
975	-1.78379000000000000000 	
976	1.58043000000000000000 	
977	0.01625780000000000000 	
978	-2.34035000000000000000 	
979	2.11711000000000000000 	
980	0.01112040000000000000 	
981	-0.61717900000000000000 	
982	0.24855900000000000000 	
983	-0.02385000000000000000 	
984	-0.36433300000000000000 	
985	-0.09116070000000000000 	
986	-0.00258000000000000000 	
987	-1.41967000000000000000 	
988	0.83286600000000000000 	
989	-0.02847000000000000000 	
990	-0.69529100000000000000 	
991	0.38107900000000000000 	
992	0.01340280000000000000 	
993	-0.76912100000000000000 	
994	0.46325200000000000000 	
995	0.00050029200000000000 	
996	-0.64936000000000000000 	
997	-0.81047500000000000000 	
998	-0.00369000000000000000 	
999	-0.62764300000000000000 	
1000	-0.80607000000000000000 	
1001	-0.00111000000000000000 	
1002	-0.63518800000000000000 	
1003	0.24999200000000000000 	
1004	0.00042000000000000000 	
1005	-0.90750600000000000000 	
1006	0.51137600000000000000 	
1007	0.00181000000000000000 	
1008	-0.70270900000000000000 	
1009	0.20781200000000000000 	
1010	-0.00015000000000000000 	
1011	0.00480742000000000000 	
1012	-0.27413000000000000000 	
1013	-0.00494000000000000000 	
1014	0.00479945000000000000 	
1015	-0.27494000000000000000 	
1016	-0.00675000000000000000 	
1017	-0.95183200000000000000 	
1018	0.54501800000000000000 	
1019	-0.00547000000000000000 	
1020	-0.54433300000000000000 	
1021	0.17056500000000000000 	
1022	-0.00547000000000000000 	
1023	-0.74835600000000000000 	
1024	0.44035500000000000000 	
1025	-0.00327000000000000000 	
1026	-0.75351100000000000000 	
1027	0.44063700000000000000 	
1028	-0.00083091400000000000 	
1029	-0.34461200000000000000 	
1030	-0.45061600000000000000 	
1031	0.00741186000000000000 	
1032	-0.33569100000000000000 	
1033	-0.55975000000000000000 	
1034	-0.00607108000000000000 	
1035	-0.67121200000000000000 	
1036	0.31236900000000000000 	
1037	-0.00223000000000000000 	
1038	-1.01739000000000000000 	
1039	0.63752700000000000000 	
1040	-0.00174000000000000000 	
1041	-0.77817400000000000000 	
1042	0.20712800000000000000 	
1043	-0.00245000000000000000 	
1044	-0.76861000000000000000 	
1045	0.18825200000000000000 	
1046	0.00056000000000000000 	
1047	-0.50384000000000000000 	
1048	0.20575300000000000000 	
1049	-0.00742000000000000000 	
1050	-0.36714300000000000000 	
1051	0.07354890000000000000 	
1052	-0.00742000000000000000 	
1053	-0.76364600000000000000 	
1054	0.79246500000000000000 	
1055	0.00154000000000000000 	
1056	-0.70966100000000000000 	
1057	0.45779800000000000000 	
1058	-0.00256000000000000000 	
1059	-0.79089400000000000000 	
1060	0.53303700000000000000 	
1061	-0.00056000000000000000 	
1062	-1.02553000000000000000 	
1063	-0.68365300000000000000 	
1064	-0.08777000000000000000 	
1065	-1.09939000000000000000 	
1066	-0.55657000000000000000 	
1067	-0.14525000000000000000 	
1068	-0.35367800000000000000 	
1069	-0.26999400000000000000 	
1070	-0.04276000000000000000 	
1071	-0.37999900000000000000 	
1072	-0.28631500000000000000 	
1073	0.00007000000000000000 	
1074	-0.47754400000000000000 	
1075	-0.02794680000000000000 	
1076	-0.00638000000000000000 	
1077	-0.36722600000000000000 	
1078	-0.03586050000000000000 	
1079	-0.00827000000000000000 	
1080	-5.66122000000000000000 	
1081	4.80440000000000000000 	
1082	-0.03304000000000000000 	
1083	-0.37494100000000000000 	
1084	-0.25134600000000000000 	
1085	-0.02908000000000000000 	
1086	-0.85165000000000000000 	
1087	0.50826100000000000000 	
1088	-0.05913860000000000000 	
1089	-0.86818500000000000000 	
1090	0.46049100000000000000 	
1091	-0.00157211000000000000 	
1092	-0.53478700000000000000 	
1093	-0.02296210000000000000 	
1094	-0.05945750000000000000 	
1095	-1.20320000000000000000 	
1096	0.65297900000000000000 	
1097	-0.08260320000000000000 	
1098	-1.01639000000000000000 	
1099	0.76573200000000000000 	
1100	-0.01425000000000000000 	
1101	-1.12271000000000000000 	
1102	0.85157500000000000000 	
1103	0.00148000000000000000 	
1104	-0.92665600000000000000 	
1105	0.50589500000000000000 	
1106	-0.02636000000000000000 	
1107	-0.36817100000000000000 	
1108	0.22521700000000000000 	
1109	-0.02655000000000000000 	
1110	-0.69218900000000000000 	
1111	0.51851300000000000000 	
1112	-0.03539000000000000000 	
1113	-3.97505000000000000000 	
1114	2.62736000000000000000 	
1115	0.01128000000000000000 	
1116	-2.90161000000000000000 	
1117	1.61292000000000000000 	
1118	0.01037000000000000000 	
1119	-0.97777700000000000000 	
1120	0.65775200000000000000 	
1121	-0.01082000000000000000 	
1122	-0.57670800000000000000 	
1123	0.14026000000000000000 	
1124	-0.14496300000000000000 	
1125	-0.46340900000000000000 	
1126	-0.44603700000000000000 	
1127	-0.00363000000000000000 	
1128	-0.50625800000000000000 	
1129	-0.39152600000000000000 	
1130	-0.00347000000000000000 	
1131	-1.02486000000000000000 	
1132	-0.09133580000000000000 	
1133	0.00182000000000000000 	
1134	-1.05002000000000000000 	
1135	-0.06933990000000000000 	
1136	0.00275000000000000000 	
1137	-1.03946000000000000000 	
1138	0.64497300000000000000 	
1139	-0.05404000000000000000 	
1140	-0.93665700000000000000 	
1141	0.47210800000000000000 	
1142	-0.02793000000000000000 	
1143	-1.50060000000000000000 	
1144	0.99834800000000000000 	
1145	0.01196200000000000000 	
1146	-0.79367300000000000000 	
1147	0.26002100000000000000 	
1148	0.00085000000000000000 	
1149	-0.89426000000000000000 	
1150	0.35719000000000000000 	
1151	0.00018000000000000000 	
1152	-0.91104300000000000000 	
1153	0.57580500000000000000 	
1154	0.00064000000000000000 	
1155	-0.87979900000000000000 	
1156	0.53683700000000000000 	
1157	-0.00086000000000000000 	
1158	-0.47394400000000000000 	
1159	0.14646100000000000000 	
1160	0.00106000000000000000 	
1161	-4.62056000000000000000 	
1162	3.93887000000000000000 	
1163	0.01258890000000000000 	
1164	-1.37808000000000000000 	
1165	1.18204000000000000000 	
1166	-0.20291600000000000000 	
1167	0.07359100000000000000 	
1168	-0.43810800000000000000 	
1169	-0.19010000000000000000 	
1170	-0.65016800000000000000 	
1171	0.25021900000000000000 	
1172	-0.18952000000000000000 	
1173	-0.38755700000000000000 	
1174	-0.11973700000000000000 	
1175	-0.01064000000000000000 	
1176	-0.73225600000000000000 	
1177	0.16810400000000000000 	
1178	-0.00367000000000000000 	
1179	-0.09432090000000000000 	
1180	-0.97743600000000000000 	
1181	0.00146000000000000000 	
1182	-0.52405000000000000000 	
1183	-0.57789200000000000000 	
1184	0.00278000000000000000 	
1185	-1.26270000000000000000 	
1186	1.28900000000000000000 	
1187	0.10309600000000000000 	
1188	-1.03483000000000000000 	
1189	1.09039000000000000000 	
1190	0.14582700000000000000 	
1191	-0.65339300000000000000 	
1192	0.40998400000000000000 	
1193	-0.00127000000000000000 	
1194	-0.62062300000000000000 	
1195	0.28155800000000000000 	
1196	-0.00409000000000000000 	
1197	-0.50657400000000000000 	
1198	0.18518600000000000000 	
1199	-0.00461000000000000000 	
1200	-0.89774300000000000000 	
1201	0.26665500000000000000 	
1202	0.05017000000000000000 	
1203	-1.67322000000000000000 	
1204	0.90545400000000000000 	
1205	-0.04500000000000000000 	
1206	-1.34757000000000000000 	
1207	0.59464600000000000000 	
1208	-0.04323000000000000000 	
1209	-0.65020900000000000000 	
1210	0.58499900000000000000 	
1211	-0.00338000000000000000 	
1212	-1.14551000000000000000 	
1213	1.05852000000000000000 	
1214	-0.00368000000000000000 	
1215	-0.78773600000000000000 	
1216	0.34951700000000000000 	
1217	-0.00241000000000000000 	
1218	-0.50049800000000000000 	
1219	0.06722920000000000000 	
1220	-0.00107000000000000000 	
1221	-0.66516400000000000000 	
1222	-0.45819900000000000000 	
1223	-0.00203000000000000000 	
1224	-0.49865600000000000000 	
1225	-0.54662500000000000000 	
1226	-0.00259000000000000000 	
1227	-0.75641600000000000000 	
1228	0.68769800000000000000 	
1229	-0.15347000000000000000 	
1230	-0.32767400000000000000 	
1231	-0.53584200000000000000 	
1232	0.00009000000000000000 	
1233	-0.46397600000000000000 	
1234	-0.50442600000000000000 	
1235	-0.00118000000000000000 	
1236	-0.00000000000000022205 	
1237	0.14827000000000000000 	
1238	-0.00127000000000000000 	
1239	0.00000000000000072165 	
1240	0.14146000000000000000 	
1241	0.00052000000000000000 	
1242	-0.64478600000000000000 	
1243	0.41449500000000000000 	
1244	-0.00147000000000000000 	
1245	-0.63064600000000000000 	
1246	0.39848700000000000000 	
1247	-0.00202000000000000000 	
1248	-0.74188100000000000000 	
1249	0.50323400000000000000 	
1250	0.00012000000000000000 	
1251	-0.63238800000000000000 	
1252	0.41030100000000000000 	
1253	0.00101000000000000000 	
1254	-0.03079010000000000000 	
1255	-1.18904000000000000000 	
1256	0.94056300000000000000 	
1257	0.00199000000000000000 	
1258	-0.70762300000000000000 	
1259	0.20353900000000000000 	
1260	0.00299000000000000000 	
1261	-0.76190200000000000000 	
1262	0.25442200000000000000 	
1263	0.00433000000000000000 	
1264	-0.51838900000000000000 	
1265	-0.28701100000000000000 	
1266	-0.21721100000000000000 	
1267	-0.57935500000000000000 	
1268	-0.27411500000000000000 	
1269	-0.19575000000000000000 	
1270	-0.98551200000000000000 	
1271	0.53304000000000000000 	
1272	-0.08139000000000000000 	
1273	-0.43271900000000000000 	
1274	-0.02023830000000000000 	
1275	-0.05058000000000000000 	
1276	-0.47375900000000000000 	
1277	-0.04201040000000000000 	
1278	-0.00279000000000000000 	
1279	-0.43259600000000000000 	
1280	-0.07638640000000000000 	
1281	-0.00117000000000000000 	
1282	-0.76209600000000000000 	
1283	-0.06359350000000000000 	
1284	0.00427000000000000000 	
1285	-0.76629400000000000000 	
1286	-0.07066770000000000000 	
1287	0.00317000000000000000 	
1288	-0.28972700000000000000 	
1289	-0.65961500000000000000 	
1290	-0.07032000000000000000 	
1291	0.00275000000000000000 	
1292	-0.62980000000000000000 	
1293	0.32972300000000000000 	
1294	-0.00346000000000000000 	
1295	-0.74233600000000000000 	
1296	0.65098700000000000000 	
1297	0.02653530000000000000 	
1298	-0.74240700000000000000 	
1299	0.68050700000000000000 	
1300	0.05622380000000000000 	
1301	-0.55448000000000000000 	
1302	0.11170700000000000000 	
1303	-0.00148000000000000000 	
1304	-0.76081400000000000000 	
1305	0.30690700000000000000 	
1306	-0.00095000000000000000 	
1307	-1.35062000000000000000 	
1308	1.04072000000000000000 	
1309	-0.00295000000000000000 	
1310	-0.37605200000000000000 	
1311	0.08519580000000000000 	
1312	-0.04750000000000000000 	
1313	-0.60266900000000000000 	
1314	0.74491500000000000000 	
1315	-0.00305000000000000000 	
1316	-0.82610200000000000000 	
1317	0.96229700000000000000 	
1318	-0.00236000000000000000 	
1319	-0.46252300000000000000 	
1320	-0.17725700000000000000 	
1321	-0.00258000000000000000 	
1322	-0.34320900000000000000 	
1323	-0.29429200000000000000 	
1324	0.00010000000000000000 	
1325	-0.42688700000000000000 	
1326	-0.51442000000000000000 	
1327	-0.18648000000000000000 	
1328	-1.40391000000000000000 	
1329	0.79585900000000000000 	
1330	0.01752830000000000000 	
1331	-0.30086900000000000000 	
1332	-0.26687100000000000000 	
1333	0.01800290000000000000 	
1334	0.00967032000000000000 	
1335	-0.04114000000000000000 	
1336	-0.04084000000000000000 	
1337	0.00967032000000000000 	
1338	-0.04114000000000000000 	
1339	-0.04084000000000000000 	
1340	0.00967032000000000000 	
1341	-0.04114000000000000000 	
1342	-0.04084000000000000000 	
1343	0.00967032000000000000 	
1344	-0.04114000000000000000 	
1345	-0.04084000000000000000 	
1346	-1.41991000000000000000 	
1347	-0.20611600000000000000 	
1348	-0.30144200000000000000 	
1349	-0.65557300000000000000 	
1350	0.60681600000000000000 	
1351	0.00183000000000000000 	
1352	-0.69918700000000000000 	
1353	0.25632800000000000000 	
1354	0.00886925000000000000 	
1355	-0.44710800000000000000 	
1356	-0.11629100000000000000 	
1357	-0.03437000000000000000 	
1358	-0.45825400000000000000 	
1359	-0.33943200000000000000 	
1360	-0.09144000000000000000 	
1361	-1.52212000000000000000 	
1362	0.71421100000000000000 	
1363	-0.00292000000000000000 	
1364	-0.52276500000000000000 	
1365	-0.26720200000000000000 	
1366	0.01471850000000000000 	
1367	-0.61454200000000000000 	
1368	-0.20060100000000000000 	
1369	-0.12607000000000000000 	
1370	-0.50608800000000000000 	
1371	0.44651500000000000000 	
1372	0.01002270000000000000 	
1373	-1.00025000000000000000 	
1374	0.91164300000000000000 	
1375	0.01307530000000000000 	
1376	-0.74229500000000000000 	
1377	-0.12362800000000000000 	
1378	-0.00831000000000000000 	
1379	-0.50739500000000000000 	
1380	-0.33631400000000000000 	
1381	-0.00861000000000000000 	
1382	-0.66394100000000000000 	
1383	-0.24755000000000000000 	
1384	-0.06381000000000000000 	
1385	-0.47915000000000000000 	
1386	-0.51146000000000000000 	
1387	-0.01727000000000000000 	
1388	-0.71701600000000000000 	
1389	-0.23671200000000000000 	
1390	0.00466000000000000000 	
1391	-0.42306400000000000000 	
1392	-0.57853200000000000000 	
1393	-0.00044000000000000000 	
1394	-0.79421700000000000000 	
1395	0.34531400000000000000 	
1396	0.00328000000000000000 	
1397	-0.44592700000000000000 	
1398	-0.13760500000000000000 	
1399	0.00281000000000000000 	
1400	-0.49847900000000000000 	
1401	0.17164900000000000000 	
1402	-0.00435000000000000000 	
1403	-0.49102600000000000000 	
1404	0.16610300000000000000 	
1405	-0.00011000000000000000 	
1406	-0.97583500000000000000 	
1407	0.22159300000000000000 	
1408	0.08269000000000000000 	
1409	-0.97210300000000000000 	
1410	0.85656100000000000000 	
1411	0.00801489000000000000 	
1412	-0.85851500000000000000 	
1413	0.48205400000000000000 	
1414	-0.00369000000000000000 	
1415	-2.81461000000000000000 	
1416	2.20780000000000000000 	
1417	0.00038000000000000000 	
1418	-0.65902200000000000000 	
1419	0.16981500000000000000 	
1420	-0.01620000000000000000 	
1421	-0.48971400000000000000 	
1422	0.12559600000000000000 	
1423	-0.02028000000000000000 	
1424	-0.71301100000000000000 	
1425	0.31347800000000000000 	
1426	0.00249000000000000000 	
1427	-0.37912100000000000000 	
1428	-0.09202440000000000000 	
1429	-0.00398000000000000000 	
1430	-0.37912200000000000000 	
1431	-0.11373400000000000000 	
1432	-0.00315000000000000000 	
1433	-0.75872800000000000000 	
1434	0.47728500000000000000 	
1435	-0.00768000000000000000 	
1436	-0.45003200000000000000 	
1437	0.06081990000000000000 	
1438	-0.04206000000000000000 	
1439	-0.54326900000000000000 	
1440	0.26252400000000000000 	
1441	0.00179000000000000000 	
1442	-0.73321600000000000000 	
1443	0.44403300000000000000 	
1444	0.00053000000000000000 	
1445	-1.67611000000000000000 	
1446	1.54810000000000000000 	
1447	0.02245480000000000000 	
1448	-1.67405000000000000000 	
1449	1.54523000000000000000 	
1450	0.02305920000000000000 	
1451	-0.48255100000000000000 	
1452	-0.11523300000000000000 	
1453	-0.00768000000000000000 	
1454	-0.55598600000000000000 	
1455	-0.16466900000000000000 	
1456	-0.00972000000000000000 	
1457	-0.70666200000000000000 	
1458	0.32139800000000000000 	
1459	-0.00279000000000000000 	
1460	-0.56688900000000000000 	
1461	0.12857800000000000000 	
1462	-0.00030000000000000000 	
1463	-1.20845000000000000000 	
1464	1.01878000000000000000 	
1465	-0.00072000000000000000 	
1466	-1.51074000000000000000 	
1467	1.28010000000000000000 	
1468	0.01811670000000000000 	
1469	-0.73963300000000000000 	
1470	-0.05322800000000000000 	
1471	-0.00211000000000000000 	
1472	-0.49181300000000000000 	
1473	-0.28396600000000000000 	
1474	-0.00078000000000000000 	
1475	-0.71795300000000000000 	
1476	0.29358900000000000000 	
1477	-0.03208000000000000000 	
1478	-0.34777000000000000000 	
1479	-0.09430940000000000000 	
1480	-0.00340000000000000000 	
1481	0.00000000000000066613 	
1482	-0.37594000000000000000 	
1483	-0.00457000000000000000 	
1484	-0.00000000000000008327 	
1485	-0.32509000000000000000 	
1486	-0.00390000000000000000 	
1487	-1.14809000000000000000 	
1488	1.42365000000000000000 	
1489	-0.00050000000000000000 	
1490	-1.12677000000000000000 	
1491	1.40465000000000000000 	
1492	-0.00003000000000000000 	
1493	-0.39988700000000000000 	
1494	0.36356400000000000000 	
1495	-0.01002000000000000000 	
1496	-0.14321700000000000000 	
1497	0.12980100000000000000 	
1498	-0.01570000000000000000 	
1499	-1.56613000000000000000 	
1500	1.20700000000000000000 	
1501	-0.00055000000000000000 	
1502	-0.82110600000000000000 	
1503	0.49614900000000000000 	
1504	-0.00118000000000000000 	
1505	-0.15978000000000000000 	
1506	-0.43735100000000000000 	
1507	-0.02912100000000000000 	
1508	-1.33396000000000000000 	
1509	1.08781000000000000000 	
1510	0.01525380000000000000 	
1511	-0.57897400000000000000 	
1512	-0.06583800000000000000 	
1513	-0.01624000000000000000 	
1514	-0.50993600000000000000 	
1515	-0.37389400000000000000 	
1516	-0.11938400000000000000 	
1517	-0.02882710000000000000 	
1518	-0.01574710000000000000 	
1519	-0.56221700000000000000 	
1520	0.08476260000000000000 	
1521	0.00030000000000000000 	
1522	-1.02859000000000000000 	
1523	0.53987100000000000000 	
1524	0.00233000000000000000 	
1525	-0.04195740000000000000 	
1526	-0.33393100000000000000 	
1527	0.28304400000000000000 	
1528	-0.04334000000000000000 	
1529	-0.76664800000000000000 	
1530	0.58373800000000000000 	
1531	-0.27743000000000000000 	
1532	-0.73240700000000000000 	
1533	0.45001600000000000000 	
1534	-0.18928100000000000000 	
1535	-0.67943800000000000000 	
1536	0.92042900000000000000 	
1537	0.00193000000000000000 	
1538	-0.77479800000000000000 	
1539	1.01413000000000000000 	
1540	0.00132000000000000000 	
1541	-0.54164100000000000000 	
1542	-0.02962130000000000000 	
1543	-0.00769000000000000000 	
1544	-1.74432000000000000000 	
1545	1.14594000000000000000 	
1546	-0.00359000000000000000 	
1547	-1.16043000000000000000 	
1548	0.59098500000000000000 	
1549	-0.00302000000000000000 	
1550	-0.72353300000000000000 	
1551	0.69019000000000000000 	
1552	-0.00439000000000000000 	
1553	-0.69541800000000000000 	
1554	-0.22650000000000000000 	
1555	-0.00134000000000000000 	
1556	-0.59838800000000000000 	
1557	0.49066500000000000000 	
1558	-0.06174900000000000000 	
1559	-0.57216000000000000000 	
1560	0.28750300000000000000 	
1561	0.10375600000000000000 	
1562	-1.40213000000000000000 	
1563	0.96230200000000000000 	
1564	-0.05128000000000000000 	
1565	-0.53542000000000000000 	
1566	-0.53108000000000000000 	
1567	0.00923032000000000000 	
1568	-0.55624000000000000000 	
1569	-0.53777000000000000000 	
1570	-0.54705100000000000000 	
1571	-0.48902200000000000000 	
1572	-0.05142000000000000000 	
1573	-0.56046200000000000000 	
1574	-0.46341200000000000000 	
1575	-0.06315000000000000000 	
1576	-0.43528900000000000000 	
1577	0.26163500000000000000 	
1578	0.00224000000000000000 	
1579	-0.43552800000000000000 	
1580	0.26458200000000000000 	
1581	0.00170000000000000000 	
1582	-0.59201200000000000000 	
1583	-0.17415000000000000000 	
1584	0.01571530000000000000 	
1585	-0.59721900000000000000 	
1586	-0.16823500000000000000 	
1587	0.01350980000000000000 	
1588	-0.70236900000000000000 	
1589	0.59625300000000000000 	
1590	-0.00178000000000000000 	
1591	-0.61744100000000000000 	
1592	0.51559100000000000000 	
1593	-0.00207000000000000000 	
1594	-0.50619100000000000000 	
1595	-0.00578265000000000000 	
1596	-0.00028000000000000000 	
1597	0.00000000000000033307 	
1598	-0.10082000000000000000 	
1599	0.06546000000000000000 	
1600	-0.39565400000000000000 	
1601	0.10357500000000000000 	
1602	-0.00252000000000000000 	
1603	-0.40021100000000000000 	
1604	0.10900000000000000000 	
1605	-0.00286000000000000000 	
1606	-0.93865100000000000000 	
1607	0.93798800000000000000 	
1608	0.00008000000000000000 	
1609	-0.93864300000000000000 	
1610	0.93798800000000000000 	
1611	0.00008000000000000000 	
1612	-0.82072000000000000000 	
1613	0.42513100000000000000 	
1614	-0.07815000000000000000 	
1615	-0.59146400000000000000 	
1616	0.58695100000000000000 	
1617	-0.00171000000000000000 	
1618	-0.53634100000000000000 	
1619	0.27372500000000000000 	
1620	-0.06201000000000000000 	
1621	-0.53634100000000000000 	
1622	0.27372500000000000000 	
1623	-0.06201000000000000000 	
1624	-0.70125600000000000000 	
1625	0.28062600000000000000 	
1626	-0.09190000000000000000 	
1627	-0.10576100000000000000 	
1628	-1.00554000000000000000 	
1629	-0.00289000000000000000 	
1630	-0.16638100000000000000 	
1631	-0.94439700000000000000 	
1632	-0.00224000000000000000 	
1633	-0.08967700000000000000 	
1634	-0.71005800000000000000 	
1635	0.45158700000000000000 	
1636	-0.05992000000000000000 	
1637	-0.51539200000000000000 	
1638	0.21338200000000000000 	
1639	-0.00307000000000000000 	
1640	-1.18102000000000000000 	
1641	0.70156700000000000000 	
1642	-0.00247000000000000000 	
1643	-0.45191400000000000000 	
1644	0.16265400000000000000 	
1645	-0.00279000000000000000 	
1646	-0.01156060000000000000 	
1647	-0.43817000000000000000 	
1648	0.00015000000000000000 	
1649	-0.01419470000000000000 	
1650	-0.13905000000000000000 	
1651	-0.00339000000000000000 	
1652	-0.01444860000000000000 	
1653	-0.14113000000000000000 	
1654	-0.00340000000000000000 	
1655	-0.41156100000000000000 	
1656	-0.06151440000000000000 	
1657	-0.00420000000000000000 	
1658	0.00000000000000033307 	
1659	-0.02314000000000000000 	
1660	-0.00560000000000000000 	
1661	-0.01071150000000000000 	
1662	-0.00892000000000000000 	
1663	0.00076000000000000000 	
1664	-0.55593400000000000000 	
1665	0.11952700000000000000 	
1666	0.00060000000000000000 	
1667	-0.01118750000000000000 	
1668	-0.47079000000000000000 	
1669	-0.05327000000000000000 	
1670	-0.81844600000000000000 	
1671	0.63911000000000000000 	
1672	0.11285900000000000000 	
1673	-0.81844600000000000000 	
1674	0.74194000000000000000 	
1675	0.00603877000000000000 	
1676	-0.60624500000000000000 	
1677	0.39139900000000000000 	
1678	0.01182600000000000000 	
1679	-0.62152100000000000000 	
1680	0.56774000000000000000 	
1681	0.02420890000000000000 	
1682	-0.60275300000000000000 	
1683	0.54986500000000000000 	
1684	0.00822707000000000000 	
1685	-0.01117470000000000000 	
1686	-0.51361000000000000000 	
1687	0.00791000000000000000 	
1688	-0.01075290000000000000 	
1689	-0.25495000000000000000 	
1690	0.00082000000000000000 	
1691	-0.01066300000000000000 	
1692	-0.77866000000000000000 	
1693	0.00479000000000000000 	
1694	-0.16408300000000000000 	
1695	-0.21331800000000000000 	
1696	-0.00358979000000000000 	
1697	-0.50568500000000000000 	
1698	0.26860000000000000000 	
1699	-0.01293000000000000000 	
1700	-0.49159100000000000000 	
1701	0.26937200000000000000 	
1702	0.00275000000000000000 	
1703	-0.00957452000000000000 	
1704	-0.54855000000000000000 	
1705	-0.00669000000000000000 	
1706	-0.50778300000000000000 	
1707	-0.17248800000000000000 	
1708	-0.00137000000000000000 	
1709	-0.50398300000000000000 	
1710	-0.17549400000000000000 	
1711	-0.00127000000000000000 	
1712	-0.63766200000000000000 	
1713	0.08782530000000000000 	
1714	0.00503000000000000000 	
1715	-0.76913500000000000000 	
1716	0.21857600000000000000 	
1717	0.00428000000000000000 	
1718	-0.02082790000000000000 	
1719	0.58758000000000000000 	
1720	0.01515430000000000000 	
1721	-0.02082790000000000000 	
1722	0.20130000000000000000 	
1723	0.01288430000000000000 	
1724	-0.00471685000000000000 	
1725	-0.47497000000000000000 	
1726	-0.00190000000000000000 	
1727	-0.01574320000000000000 	
1728	-0.47310000000000000000 	
1729	-0.00154000000000000000 	
1730	-0.00836379000000000000 	
1731	-0.57175000000000000000 	
1732	-0.00124000000000000000 	
1733	-0.01467820000000000000 	
1734	-0.55467000000000000000 	
1735	-0.00100000000000000000 	
1736	-0.80755000000000000000 	
1737	0.31322800000000000000 	
1738	0.00631652000000000000 	
1739	-0.39976500000000000000 	
1740	-0.07507210000000000000 	
1741	0.00568832000000000000 	
1742	-0.57210900000000000000 	
1743	-1.04186000000000000000 	
1744	-0.03436000000000000000 	
1745	-0.49422200000000000000 	
1746	-1.08907000000000000000 	
1747	-0.06425000000000000000 	
1748	-0.57521100000000000000 	
1749	0.23627200000000000000 	
1750	-0.00363000000000000000 	
1751	-0.57521100000000000000 	
1752	0.23594200000000000000 	
1753	-0.00429000000000000000 	
1754	-0.64718100000000000000 	
1755	0.27391100000000000000 	
1756	0.00924436000000000000 	
1757	-0.15327700000000000000 	
1758	-0.22157600000000000000 	
1759	-0.00235958000000000000 	
1760	-0.01803630000000000000 	
1761	-0.62038000000000000000 	
1762	-0.00001000000000000000 	
1763	-0.01803630000000000000 	
1764	-0.46597000000000000000 	
1765	-0.00001000000000000000 	
1766	-0.79792700000000000000 	
1767	1.76555000000000000000 	
1768	0.00469000000000000000 	
1769	0.00689033000000000000 	
1770	-0.00708173000000000000 	
1771	0.00690781000000000000 	
1772	-0.00709970000000000000 	
1773	0.01113460000000000000 	
1774	-0.62950700000000000000 	
1775	0.51414200000000000000 	
1776	0.00778771000000000000 	
1777	-0.64406500000000000000 	
1778	0.64185000000000000000 	
1779	-0.09270830000000000000 	
1780	-0.00620871000000000000 	
1781	-0.24068000000000000000 	
1782	-0.00058000000000000000 	
1783	-0.00630903000000000000 	
1784	-0.20308000000000000000 	
1785	-0.03628000000000000000 	
1786	-0.01641020000000000000 	
1787	0.06780000000000000000 	
1788	-0.00248000000000000000 	
1789	-0.01641020000000000000 	
1790	0.06722000000000000000 	
1791	-0.00131000000000000000 	
1792	0.63895000000000000000 	
1793	-0.51689400000000000000 	
1794	0.28057900000000000000 	
1795	-0.00270000000000000000 	
1796	-0.55189800000000000000 	
1797	0.31468900000000000000 	
1798	-0.00206000000000000000 	
1799	-0.00243072000000000000 	
1800	-0.50111000000000000000 	
1801	-0.00565000000000000000 	
1802	-0.00244320000000000000 	
1803	-0.50923000000000000000 	
1804	-0.00093000000000000000 	
1805	0.20572700000000000000 	
1806	-0.01277390000000000000 	
1807	-0.57525000000000000000 	
1808	-0.10274000000000000000 	
1809	-0.01301470000000000000 	
1810	-0.55715000000000000000 	
1811	-0.13434000000000000000 	
1812	-0.43786500000000000000 	
1813	-0.28562100000000000000 	
1814	0.00015000000000000000 	
1815	-0.47785500000000000000 	
1816	0.05014320000000000000 	
1817	0.00784662000000000000 	
1818	-0.56002400000000000000 	
1819	0.41216400000000000000 	
1820	-0.00197000000000000000 	
1821	-0.55953800000000000000 	
1822	0.41114400000000000000 	
1823	-0.00029000000000000000 	
1824	-0.00000000000000205391 	
1825	-0.25600000000000000000 	
1826	-0.00775000000000000000 	
1827	-0.01218540000000000000 	
1828	-0.45280000000000000000 	
1829	-0.07096000000000000000 	
1830	-0.61569800000000000000 	
1831	-0.08833950000000000000 	
1832	-0.12340300000000000000 	
1833	-0.62568100000000000000 	
1834	-0.23362300000000000000 	
1835	0.01309140000000000000 	
1836	-0.13196700000000000000 	
1837	-0.61423600000000000000 	
1838	-0.09530000000000000000 	
1839	-1.26823000000000000000 	
1840	0.44550400000000000000 	
1841	-0.07004000000000000000 	
1842	0.15530200000000000000 	
1843	0.16494500000000000000 	
1844	-0.00655542000000000000 	
1845	-0.32099000000000000000 	
1846	-0.01683000000000000000 	
1847	-0.00644413000000000000 	
1848	-0.32055000000000000000 	
1849	-0.01638000000000000000 	
1850	-0.01895380000000000000 	
1851	0.00747221000000000000 	
1852	-0.01888310000000000000 	
1853	0.03291050000000000000 	
1854	0.00000000000000166533 	
1855	-0.01189000000000000000 	
1856	-0.01185000000000000000 	
1857	-0.00975678000000000000 	
1858	-0.38760000000000000000 	
1859	0.00302000000000000000 	
1860	-0.01259410000000000000 	
1861	-0.63462000000000000000 	
1862	-0.00488000000000000000 	
1863	0.49770900000000000000 	
1864	-0.19511400000000000000 	
1865	-0.00910046000000000000 	
1866	-0.21018700000000000000 	
1867	-0.00910046000000000000 	
1868	-0.00634243000000000000 	
1869	0.05420000000000000000 	
1870	-0.00382000000000000000 	
1871	-0.00634243000000000000 	
1872	0.05176000000000000000 	
1873	-0.00178000000000000000 	
1874	-0.63037600000000000000 	
1875	-0.11849800000000000000 	
1876	0.02435430000000000000 	
1877	-0.77168900000000000000 	
1878	0.01853680000000000000 	
1879	0.02396510000000000000 	
1880	0.07643940000000000000 	
1881	0.65730400000000000000 	
1882	0.65928200000000000000 	
1883	0.00150815000000000000 	
1884	-0.07778000000000000000 	
1885	-0.00794000000000000000 	
1886	0.24815200000000000000 	
1887	-0.00582462000000000000 	
1888	0.05523170000000000000 	
1889	-0.01250030000000000000 	
1890	-0.57602000000000000000 	
1891	-0.03184000000000000000 	
1892	0.00340054000000000000 	
1893	-0.00734387000000000000 	
1894	0.00340054000000000000 	
1895	-0.00734387000000000000 	
1896	-0.78606600000000000000 	
1897	0.15232700000000000000 	
1898	-0.00070000000000000000 	
1899	-0.39900000000000000000 	
1900	-0.21182000000000000000 	
1901	-0.00071000000000000000 	
1902	0.00791398000000000000 	
1903	-0.01237380000000000000 	
1904	0.00000000000000076328 	
1905	-0.77126000000000000000 	
1906	-0.07904000000000000000 	
1907	0.00000000000000059675 	
1908	-0.83433000000000000000 	
1909	-0.02541000000000000000 	
1910	-0.61825700000000000000 	
1911	0.40517000000000000000 	
1912	-0.00886000000000000000 	
1913	-0.00905738000000000000 	
1914	-0.58202000000000000000 	
1915	-0.18275000000000000000 	
1916	0.00823699000000000000 	
1917	-0.67226000000000000000 	
1918	-0.02139000000000000000 	
1919	-0.00469787000000000000 	
1920	-0.84310000000000000000 	
1921	-0.04453000000000000000 	
1922	-0.00460580000000000000 	
1923	-0.82921000000000000000 	
1924	-0.05335000000000000000 	
1925	-1.29456000000000000000 	
1926	1.80580000000000000000 	
1927	-0.00624000000000000000 	
1928	-1.28534000000000000000 	
1929	1.79763000000000000000 	
1930	-0.00610000000000000000 	
1931	-0.79791500000000000000 	
1932	1.71239000000000000000 	
1933	-0.00169000000000000000 	
1934	-0.77062800000000000000 	
1935	1.78049000000000000000 	
1936	-0.00338000000000000000 	
1937	-0.01869900000000000000 	
1938	0.24375300000000000000 	
1939	0.72687700000000000000 	
1940	0.71824600000000000000 	
1941	0.04290060000000000000 	
1942	0.00065938000000000000 	
1943	-0.00153866000000000000 	
1944	0.00107915000000000000 	
1945	0.00151807000000000000 	
1946	0.00321733000000000000 	
1947	0.00050597300000000000 	
1948	0.00118356000000000000 	
1949	-0.00183628000000000000 	
1950	0.09684870000000000000 	
1951	0.40031600000000000000 	
1952	0.41602100000000000000 	
1953	-0.01665870000000000000 	
1954	0.39532000000000000000 	
1955	0.01884110000000000000 	
1956	-0.01665700000000000000 	
1957	-0.42847600000000000000 	
1958	0.12436500000000000000 	
1959	-0.00059000000000000000 	
1960	-0.45473500000000000000 	
1961	0.14864700000000000000 	
1962	-0.00096000000000000000 	
1963	-0.00481201000000000000 	
1964	-0.25960000000000000000 	
1965	-0.00130000000000000000 	
1966	-0.00198139000000000000 	
1967	-0.37164000000000000000 	
1968	0.00089000000000000000 	
1969	-3.17498000000000000000 	
1970	-0.81741800000000000000 	
1971	1.55724000000000000000 	
1972	-0.00057000000000000000 	
1973	0.65642700000000000000 	
1974	0.31070100000000000000 	
1975	0.00000000000000000000 	
1976	0.00000000000000000000 	
1977	-0.01171580000000000000 	
1978	-0.90060000000000000000 	
1979	-0.11776000000000000000 	
1980	-0.00914236000000000000 	
1981	-0.15088000000000000000 	
1982	-0.00340000000000000000 	
1983	-0.00921665000000000000 	
1984	-0.15062000000000000000 	
1985	-0.00409000000000000000 	
1986	-0.00715833000000000000 	
1987	-0.22402000000000000000 	
1988	-0.00750000000000000000 	
1989	-0.00689885000000000000 	
1990	-0.22508000000000000000 	
1991	-0.00505000000000000000 	
1992	-0.01655290000000000000 	
1993	-0.15357000000000000000 	
1994	-0.02559000000000000000 	
1995	3.62760000000000000000 	
1996	0.08939550000000000000 	
1997	0.00917929000000000000 	
1998	-0.00943427000000000000 	
1999	0.00917929000000000000 	
2000	-0.00943427000000000000 	
2001	-0.70721700000000000000 	
2002	0.98470600000000000000 	
2003	0.28954800000000000000 	
2004	-0.73403100000000000000 	
2005	0.88827900000000000000 	
2006	0.02816680000000000000 	
2007	-0.73723200000000000000 	
2008	0.40785200000000000000 	
2009	-0.14857500000000000000 	
2010	0.72634500000000000000 	
2011	-0.55893900000000000000 	
2012	0.59146400000000000000 	
2013	0.01252060000000000000 	
2014	-0.58088700000000000000 	
2015	0.61194600000000000000 	
2016	0.01421090000000000000 	
2017	-0.00000000000000008327 	
2018	-0.17257000000000000000 	
2019	0.00727000000000000000 	
2020	-0.64821300000000000000 	
2021	-0.03470810000000000000 	
2022	0.00152000000000000000 	
2023	-0.64727500000000000000 	
2024	-0.04047930000000000000 	
2025	0.00176000000000000000 	
2026	-0.14326800000000000000 	
2027	0.00000000000000000000 	
2028	-0.14326800000000000000 	
2029	-0.48749300000000000000 	
2030	0.41085200000000000000 	
2031	0.00563000000000000000 	
2032	0.00403960000000000000 	
2033	-0.21315000000000000000 	
2034	-0.00457000000000000000 	
2035	0.00368898000000000000 	
2036	-0.21457000000000000000 	
2037	-0.00351000000000000000 	
2038	2.13103000000000000000 	
2039	2.13938000000000000000 	
2040	0.45163600000000000000 	
2041	-0.49813600000000000000 	
2042	0.01273130000000000000 	
2043	0.45122400000000000000 	
2044	-0.50079600000000000000 	
2045	0.01855230000000000000 	
2046	-0.00117000000000000000 	
2047	-0.00117000000000000000 	
2048	0.31210400000000000000 	
2049	-0.31998200000000000000 	
2050	0.02747450000000000000 	
2051	0.02349950000000000000 	
2052	0.02445270000000000000 	
2053	0.02350180000000000000 	
2054	0.02381870000000000000 	
2055	0.02238460000000000000 	
2056	0.02235390000000000000 	
2057	0.02243660000000000000 	
2058	0.02590330000000000000 	
2059	0.02563900000000000000 	
2060	0.02436240000000000000 	
2061	0.02432690000000000000 	
2062	0.02529150000000000000 	
2063	0.02514250000000000000 	
2064	0.02575010000000000000 	
2065	0.02401060000000000000 	
2066	0.02388580000000000000 	
2067	0.02383280000000000000 	
2068	0.02912690000000000000 	
2069	-0.34555800000000000000 	
2070	0.03621690000000000000 	
2071	0.03448850000000000000 	
2072	0.03180200000000000000 	
2073	0.02912170000000000000 	
2074	0.03156290000000000000 	
2075	0.03226040000000000000 	
2076	0.03435280000000000000 	
2077	0.03487370000000000000 	
2078	0.02867280000000000000 	
2079	0.03263520000000000000 	
2080	0.03128200000000000000 	
2081	0.03487370000000000000 	
2082	0.02768160000000000000 	
2083	0.03166680000000000000 	
2084	0.02826620000000000000 	
2085	-0.11771000000000000000 	
2086	0.01340520000000000000 	
2087	0.03279610000000000000 	
2088	1.27965000000000000000 	
2089	-1.05100000000000000000 	
2090	-0.00335283000000000000 	
2091	-1.05188000000000000000 	
2092	-0.00335283000000000000 	
2093	-0.00247166000000000000 	
2094	0.34606000000000000000 	
2095	-0.00488000000000000000 	
2096	-0.00102994000000000000 	
2097	0.34715000000000000000 	
2098	-0.00421000000000000000 	
2099	-0.00788351000000000000 	
2100	-0.61886000000000000000 	
2101	0.00111000000000000000 	
2102	-0.14161200000000000000 	
2103	0.01392230000000000000 	
2104	0.12801900000000000000 	
2105	0.03637430000000000000 	
2106	0.02010740000000000000 	
2107	-0.00565117000000000000 	
2108	-1.25481000000000000000 	
2109	0.00551000000000000000 	
2110	-0.28134700000000000000 	
2111	0.24166600000000000000 	
2112	-0.02546000000000000000 	
2113	0.05378540000000000000 	
2114	-0.05940480000000000000 	
2115	-0.00291000000000000000 	
2116	-0.00291000000000000000 	
2117	-11.91250000000000000000 	
2118	-0.01515320000000000000 	
2119	-0.00512011000000000000 	
2120	0.46129000000000000000 	
2121	-0.00000000000000008327 	
2122	0.00167000000000000000 	
2123	0.00168000000000000000 	
2124	-0.00000000000000008327 	
2125	0.00190000000000000000 	
2126	0.00191000000000000000 	
2127	0.00306572000000000000 	
2128	-0.17822000000000000000 	
2129	-0.01904000000000000000 	
2130	0.00000000000000002776 	
2131	-0.17327000000000000000 	
2132	-0.02153000000000000000 	
2133	-0.60205700000000000000 	
2134	0.45156000000000000000 	
2135	-0.00572000000000000000 	
2136	0.10394600000000000000 	
2137	0.42026100000000000000 	
2138	-0.13139400000000000000 	
2139	0.13430600000000000000 	
2140	-0.00126000000000000000 	
2141	0.01104330000000000000 	
2142	-0.25098000000000000000 	
2143	-0.00374000000000000000 	
2144	0.01034310000000000000 	
2145	-0.24832000000000000000 	
2146	-0.00378000000000000000 	
2147	0.45325700000000000000 	
2148	-0.01186810000000000000 	
2149	-0.41148000000000000000 	
2150	0.00144000000000000000 	
2151	0.24153300000000000000 	
2152	0.64793800000000000000 	
2153	-0.05549710000000000000 	
2154	0.05277520000000000000 	
2155	-2.10046000000000000000 	
2156	1.47909000000000000000 	
2157	-0.00009000000000000000 	
2158	-2.66880000000000000000 	
2159	2.08161000000000000000 	
2160	0.00557000000000000000 	
2161	-2.66880000000000000000 	
2162	2.08398000000000000000 	
2163	0.00616000000000000000 	
2164	-0.01822540000000000000 	
2165	-0.80084000000000000000 	
2166	0.00098000000000000000 	
2167	0.00395000000000000000 	
2168	0.00395000000000000000 	
2169	0.05781370000000000000 	
2170	-0.23804400000000000000 	
2171	0.10648000000000000000 	
2172	-0.00232000000000000000 	
2173	-0.23804400000000000000 	
2174	0.10521000000000000000 	
2175	-0.00127000000000000000 	
2176	0.00000000000000044409 	
2177	-0.03866000000000000000 	
2178	-0.00465000000000000000 	
2179	0.38513400000000000000 	
2180	0.37091100000000000000 	
2181	0.59779600000000000000 	
2182	-0.00898777000000000000 	
2183	0.59837300000000000000 	
2184	-0.00900545000000000000 	
2185	0.42344400000000000000 	
2186	0.42404600000000000000 	
2187	0.00000000000000000000 	
2188	-0.18046000000000000000 	
2189	-0.00166000000000000000 	
2190	0.00000000000000000000 	
2191	-0.17659000000000000000 	
2192	0.00063000000000000000 	
2193	0.00000000000000000000 	
2194	-0.00086000000000000000 	
2195	-0.00087000000000000000 	
2196	0.00000000000000018388 	
2197	0.00073000000000000000 	
2198	-0.02923000000000000000 	
2199	0.20474600000000000000 	
2200	-0.75641600000000000000 	
2201	0.48512800000000000000 	
2202	0.00159000000000000000 	
2203	-0.09344370000000000000 	
2204	0.08272200000000000000 	
2205	-0.00391972000000000000 	
2206	-0.09344370000000000000 	
2207	0.08272200000000000000 	
2208	-0.00391972000000000000 	
2209	-0.00000000000000007633 	
2210	0.13825000000000000000 	
2211	-0.00175000000000000000 	
2212	0.22409900000000000000 	
2213	0.00000000000000155431 	
2214	-0.25217000000000000000 	
2215	-0.02765000000000000000 	
2216	-0.00000000000000066613 	
2217	-0.27661000000000000000 	
2218	-0.00015000000000000000 	
2219	-0.00000000000000008327 	
2220	-0.54781000000000000000 	
2221	0.00691000000000000000 	
2222	-0.00000000000000008327 	
2223	-0.43643000000000000000 	
2224	-0.00245000000000000000 	
2225	-0.00000000000000007633 	
2226	-0.04156000000000000000 	
2227	-0.00198000000000000000 	
2228	-0.00000000000000007633 	
2229	-0.04142000000000000000 	
2230	-0.00228000000000000000 	
2231	-0.24111300000000000000 	
2232	0.32917800000000000000 	
2233	-0.00496138000000000000 	
2234	-0.24111300000000000000 	
2235	0.09988770000000000000 	
2236	0.20921900000000000000 	
2237	0.03799340000000000000 	
2238	0.05517150000000000000 	
2239	-0.00068278500000000000 	
2240	0.05486760000000000000 	
2241	0.16933800000000000000 	
2242	-0.00346000000000000000 	
2243	0.10251200000000000000 	
2244	1.56252000000000000000 	
2245	1.49537000000000000000 	
2246	0.10168000000000000000 	
2247	-0.61024500000000000000 	
2248	0.00000000000000000000 	
2249	-0.61024500000000000000 	
2250	0.00000000000000000000 	
2251	-0.74481500000000000000 	
2252	-0.00793157000000000000 	
2253	-0.74481500000000000000 	
2254	-0.00793157000000000000 	
2255	0.00000000000000000000 	
2256	-0.00456000000000000000 	
2257	-0.00256000000000000000 	
2258	0.00000000000000000000 	
2259	-0.00456000000000000000 	
2260	-0.00256000000000000000 	
2261	-0.00000000000000029837 	
2262	0.00000000000000000000 	
2263	0.00000000000000000000 	
2264	0.00601000000000000000 	
2265	-0.00000000000000000098 	
2266	0.00672000000000000000 	
2267	0.00473000000000000000 	
2268	0.04800110000000000000 	
2269	0.07409300000000000000 	
2270	-0.00631505000000000000 	
2271	0.00000000000000099920 	
2272	0.00000000000000000000 	
2273	-0.16035300000000000000 	
2274	-0.44712900000000000000 	
2275	-0.00375000000000000000 	
2276	-0.16035300000000000000 	
2277	-0.44687900000000000000 	
2278	-0.00423000000000000000 	
2279	-0.04137960000000000000 	
2280	0.39402700000000000000 	
2281	0.37986500000000000000 	
2282	0.11764100000000000000 	
2283	-4.90959000000000000000 	
2284	4.49535000000000000000 	
2285	0.00095000000000000000 	
2286	0.00388432000000000000 	
2287	0.42233000000000000000 	
2288	-0.00287000000000000000 	
2289	0.00000000000000000000 	
2290	-0.06020000000000000000 	
2291	-0.04127000000000000000 	
2292	0.00000000000000000000 	
2293	-0.05077000000000000000 	
2294	-0.04931000000000000000 	
2295	0.00000000000000000000 	
2296	-0.05613000000000000000 	
2297	0.57191000000000000000 	
2298	0.58412400000000000000 	
2299	0.57319500000000000000 	
2300	0.36425500000000000000 	
2301	0.21850300000000000000 	
2302	-0.00000000000000272005 	
2303	-0.24136000000000000000 	
2304	-0.00653000000000000000 	
2305	-0.00000000000000340700 	
2306	-0.23890000000000000000 	
2307	-0.00404000000000000000 	
2308	-0.00000000000000008327 	
2309	-0.04165000000000000000 	
2310	-0.00127000000000000000 	
2311	-0.00000000000000007633 	
2312	-0.03454000000000000000 	
2313	-0.00248000000000000000 	
2314	0.00000000000000000000 	
2315	-0.43248000000000000000 	
2316	0.02440000000000000000 	
2317	0.00000000000000022205 	
2318	-0.44674000000000000000 	
2319	-0.02112000000000000000 	
2320	-0.00000000000000008327 	
2321	-0.36769000000000000000 	
2322	-0.09725000000000000000 	
2323	0.00000000000000000000 	
2324	0.02111000000000000000 	
2325	0.05619000000000000000 	
2326	0.63802000000000000000 	
2327	0.40694700000000000000 	
2328	0.40855200000000000000 	
2329	0.54647600000000000000 	
2330	0.00000000000000000000 	
2331	-0.25142000000000000000 	
2332	-0.00346000000000000000 	
2333	1.13429000000000000000 	
2334	0.09266470000000000000 	
2335	0.00000000000000000000 	
2336	-0.03935000000000000000 	
2337	-0.00127000000000000000 	
2338	0.00000000000000000000 	
2339	-0.04124000000000000000 	
2340	-0.00107000000000000000 	
2341	1.19787000000000000000 	
2342	1.00505000000000000000 	
2343	1.19919000000000000000 	
2344	-0.00405332000000000000 	
2345	-0.00000024157900000000 	
2346	0.04593710000000000000 	
2347	0.00000000000000002776 	
2348	0.00000000000000000000 	
2349	4.66697000000000000000 	
2350	1.56105000000000000000 	
2351	4.69602000000000000000 	
2352	0.38685200000000000000 	
2353	0.07364630000000000000 	
2354	0.30626600000000000000 	
2355	1.75798000000000000000 	
2356	1.32756000000000000000 	
2357	1.76047000000000000000 	
2358	0.35761900000000000000 	
2359	0.19924700000000000000 	
2360	0.37924600000000000000 	
2361	0.00000000000000001388 	
2362	-0.49985000000000000000 	
2363	0.00132000000000000000 	
2364	0.00000000000000001388 	
2365	-0.50018000000000000000 	
2366	-0.00022000000000000000 	
2367	0.00000000000000001388 	
2368	-0.50096000000000000000 	
2369	0.00056000000000000000 	
2370	0.00000000000000011102 	
2371	-0.27881000000000000000 	
2372	-0.00442000000000000000 	
2373	-0.31629200000000000000 	
2374	0.29035100000000000000 	
2375	0.00094923200000000000 	
2376	0.12327400000000000000 	
2377	-0.00478209000000000000 	
2378	-0.00469809000000000000 	
2379	0.40483400000000000000 	
2380	2.53872000000000000000 	
2381	-0.21907000000000000000 	
2382	-0.00075000000000000000 	
2383	2.53872000000000000000 	
2384	-0.21747000000000000000 	
2385	0.00010000000000000000 	
2386	1.05972000000000000000 	
2387	0.10333000000000000000 	
2388	0.01610510000000000000 	
2389	0.00260560000000000000 	
2390	-4.71476000000000000000 	
2391	-0.07863000000000000000 	
2392	-0.07863000000000000000 	
2393	-0.33226600000000000000 	
2394	0.56687800000000000000 	
2395	-0.00614193000000000000 	
2396	0.00614193000000000000 	
2397	0.00000000000000005551 	
2398	-0.26264000000000000000 	
2399	-0.00525000000000000000 	
2400	1.14619000000000000000 	
2401	0.00000000000000000000 	
2402	0.01293000000000000000 	
2403	-0.00387000000000000000 	
2404	0.00000000000000000000 	
2405	0.01363000000000000000 	
2406	-0.00450000000000000000 	
2407	0.00332917000000000000 	
2408	0.00000000000000000000 	
2409	-0.00701000000000000000 	
2410	-0.00697000000000000000 	
2411	0.00000000000000000000 	
2412	-0.00701000000000000000 	
2413	-0.00697000000000000000 	
2414	-10.12590000000000000000 	
2415	4.84543000000000000000 	
2416	-4.12539000000000000000 	
2417	-0.00347000000000000000 	
2418	-0.00457000000000000000 	
2419	-4.12539000000000000000 	
2420	-0.02487000000000000000 	
2421	-0.00276000000000000000 	
2422	-3.07714000000000000000 	
2423	3.39014000000000000000 	
2424	-7.79731000000000000000 	
2425	2.89905000000000000000 	
2426	-0.40714900000000000000 	
2427	0.00000000000000000000 	
2428	-0.03087000000000000000 	
2429	-0.03085000000000000000 	
2430	0.00000000000000000000 	
2431	-0.07995000000000000000 	
2432	-0.00620000000000000000 	
